t(s),N2,NH3,H2
1.00000000e-08,2.68309210e-01,9.41496566e-20,7.31690790e-01
1.45000000e-08,2.68712285e-01,1.12963652e-18,7.31287715e-01
1.90000000e-08,2.68810168e-01,6.78057497e-18,7.31189832e-01
2.35000000e-08,2.68841898e-01,2.73725793e-17,7.31158102e-01
2.80000000e-08,2.68857502e-01,8.54450390e-17,7.31142498e-01
3.25000000e-08,2.68869840e-01,2.22784126e-16,7.31130160e-01
3.70000000e-08,2.68881556e-01,5.08529203e-16,7.31118444e-01
4.15000000e-08,2.68892651e-01,1.04798416e-15,7.31107349e-01
4.60000000e-08,2.68901764e-01,1.99169083e-15,7.31098236e-01
5.05000000e-08,2.68911991e-01,3.54452749e-15,7.31088009e-01
5.50000000e-08,2.68921259e-01,5.97457967e-15,7.31078741e-01
5.95000000e-08,2.68930200e-01,9.62131541e-15,7.31069800e-01
6.40000000e-08,2.68939064e-01,1.49034461e-14,7.31060936e-01
6.85000000e-08,2.68947040e-01,2.23253128e-14,7.31052960e-01
7.30000000e-08,2.68955277e-01,3.24835187e-14,7.31044723e-01
7.75000000e-08,2.68962685e-01,4.60716249e-14,7.31037315e-01
8.20000000e-08,2.68969569e-01,6.38827826e-14,7.31030431e-01
8.65000000e-08,2.68976989e-01,8.68182708e-14,7.31023011e-01
9.10000000e-08,2.68984440e-01,1.15882931e-13,7.31015560e-01
9.55000000e-08,2.68990964e-01,1.52189186e-13,7.31009036e-01
1.00000000e-07,2.68996659e-01,1.96960729e-13,7.31003341e-01
1.45000000e-07,2.69047863e-01,1.45524297e-12,7.30952137e-01
1.90000000e-07,2.69083492e-01,5.64341538e-12,7.30916508e-01
2.35000000e-07,2.69108644e-01,1.53545235e-11,7.30891356e-01
2.80000000e-07,2.69126626e-01,3.34711594e-11,7.30873374e-01
3.25000000e-07,2.69139569e-01,6.28129394e-11,7.30860431e-01
3.70000000e-07,2.69148919e-01,1.05852709e-10,7.30851081e-01
4.15000000e-07,2.69155721e-01,1.64597019e-10,7.30844279e-01
4.60000000e-07,2.69160670e-01,2.40552708e-10,7.30839330e-01
5.05000000e-07,2.69164278e-01,3.34788765e-10,7.30835722e-01
5.50000000e-07,2.69166909e-01,4.47957152e-10,7.30833090e-01
5.95000000e-07,2.69168823e-01,5.80374741e-10,7.30831176e-01
6.40000000e-07,2.69170212e-01,7.32116654e-10,7.30829788e-01
6.85000000e-07,2.69171218e-01,9.03084247e-10,7.30828781e-01
7.30000000e-07,2.69171945e-01,1.09301774e-09,7.30828054e-01
7.75000000e-07,2.69172463e-01,1.30154109e-09,7.30827536e-01
8.20000000e-07,2.69172827e-01,1.52824786e-09,7.30827171e-01
8.65000000e-07,2.69173079e-01,1.77273681e-09,7.30826919e-01
9.10000000e-07,2.69173249e-01,2.03458023e-09,7.30826749e-01
9.55000000e-07,2.69173357e-01,2.31332775e-09,7.30826641e-01
1.00000000e-06,2.69173420e-01,2.60856923e-09,7.30826577e-01
1.45000000e-06,2.69173130e-01,6.39817908e-09,7.30826863e-01
1.90000000e-06,2.69172522e-01,1.15751042e-08,7.30827467e-01
2.35000000e-06,2.69171898e-01,1.80561632e-08,7.30828084e-01
2.80000000e-06,2.69171274e-01,2.58161480e-08,7.30828700e-01
3.25000000e-06,2.69170651e-01,3.48469015e-08,7.30829315e-01
3.70000000e-06,2.69170028e-01,4.51438266e-08,7.30829927e-01
4.15000000e-06,2.69169405e-01,5.67032753e-08,7.30830538e-01
4.60000000e-06,2.69168784e-01,6.95222706e-08,7.30831146e-01
5.05000000e-06,2.69168163e-01,8.35979068e-08,7.30831753e-01
5.50000000e-06,2.69167543e-01,9.89272391e-08,7.30832358e-01
5.95000000e-06,2.69166923e-01,1.15507323e-07,7.30832961e-01
6.40000000e-06,2.69166304e-01,1.33335227e-07,7.30833563e-01
6.85000000e-06,2.69165685e-01,1.52408037e-07,7.30834162e-01
7.30000000e-06,2.69165067e-01,1.72722832e-07,7.30834760e-01
7.75000000e-06,2.69164450e-01,1.94269005e-07,7.30835356e-01
8.20000000e-06,2.69163833e-01,2.17049042e-07,7.30835950e-01
8.65000000e-06,2.69163217e-01,2.41064702e-07,7.30836542e-01
9.10000000e-06,2.69162601e-01,2.66314188e-07,7.30837132e-01
9.55000000e-06,2.69161986e-01,2.92779959e-07,7.30837721e-01
1.00000000e-05,2.69161372e-01,3.20472723e-07,7.30838308e-01
1.45000000e-05,2.69155259e-01,6.64139907e-07,7.30844077e-01
1.90000000e-05,2.69149203e-01,1.12727008e-06,7.30849669e-01
2.35000000e-05,2.69143204e-01,1.70713129e-06,7.30855089e-01
2.80000000e-05,2.69137259e-01,2.40109085e-06,7.30860340e-01
3.25000000e-05,2.69131369e-01,3.20649410e-06,7.30865425e-01
3.70000000e-05,2.69125531e-01,4.12087755e-06,7.30870348e-01
4.15000000e-05,2.69119745e-01,5.14174180e-06,7.30875114e-01
4.60000000e-05,2.69114010e-01,6.26672296e-06,7.30879724e-01
5.05000000e-05,2.69108324e-01,7.49355502e-06,7.30884182e-01
5.50000000e-05,2.69102688e-01,8.81993376e-06,7.30888492e-01
5.95000000e-05,2.69097100e-01,1.02437368e-05,7.30892656e-01
6.40000000e-05,2.69091559e-01,1.17627964e-05,7.30896678e-01
6.85000000e-05,2.69086065e-01,1.33750599e-05,7.30900560e-01
7.30000000e-05,2.69080615e-01,1.50785794e-05,7.30904306e-01
7.75000000e-05,2.69075211e-01,1.68713615e-05,7.30907918e-01
8.20000000e-05,2.69069851e-01,1.87513912e-05,7.30911398e-01
8.65000000e-05,2.69064533e-01,2.07169673e-05,7.30914750e-01
9.10000000e-05,2.69059258e-01,2.27661646e-05,7.30917976e-01
9.55000000e-05,2.69054024e-01,2.48971392e-05,7.30921079e-01
1.00000000e-04,2.69048832e-01,2.71082928e-05,7.30924060e-01
1.45000000e-04,2.68999000e-01,5.32762041e-05,7.30947723e-01
1.90000000e-04,2.68952562e-01,8.58448748e-05,7.30961593e-01
2.35000000e-04,2.68909009e-01,1.23651591e-04,7.30967339e-01
2.80000000e-04,2.68867930e-01,1.65767045e-04,7.30966303e-01
3.25000000e-04,2.68828984e-01,2.11440282e-04,7.30959576e-01
3.70000000e-04,2.68791892e-01,2.60059704e-04,7.30948048e-01
4.15000000e-04,2.68756422e-01,3.11130522e-04,7.30932448e-01
4.60000000e-04,2.68722379e-01,3.64245618e-04,7.30913375e-01
5.05000000e-04,2.68689597e-01,4.19056508e-04,7.30891347e-01
5.50000000e-04,2.68657932e-01,4.75267357e-04,7.30866801e-01
5.95000000e-04,2.68627259e-01,5.32633930e-04,7.30840107e-01
6.40000000e-04,2.68597478e-01,5.90951072e-04,7.30811571e-01
6.85000000e-04,2.68568499e-01,6.50044768e-04,7.30781456e-01
7.30000000e-04,2.68540243e-01,7.09766140e-04,7.30749991e-01
7.75000000e-04,2.68512643e-01,7.69986332e-04,7.30717370e-01
8.20000000e-04,2.68485640e-01,8.30594626e-04,7.30683766e-01
8.65000000e-04,2.68459178e-01,8.91492788e-04,7.30649329e-01
9.10000000e-04,2.68433213e-01,9.52600725e-04,7.30614187e-01
9.55000000e-04,2.68407699e-01,1.01384174e-03,7.30578459e-01
1.00000000e-03,2.68382604e-01,1.07515781e-03,7.30542238e-01
1.45000000e-03,2.68149116e-01,1.68362984e-03,7.30167254e-01
1.90000000e-03,2.67937078e-01,2.26963164e-03,7.29793290e-01
2.35000000e-03,2.67739113e-01,2.82675806e-03,7.29434129e-01
2.80000000e-03,2.67551845e-01,3.35514657e-03,7.29093008e-01
3.25000000e-03,2.67373381e-01,3.85671246e-03,7.28769907e-01
3.70000000e-03,2.67202432e-01,4.33364299e-03,7.28463925e-01
4.15000000e-03,2.67038033e-01,4.78801754e-03,7.28173949e-01
4.60000000e-03,2.66879413e-01,5.22169360e-03,7.27898894e-01
5.05000000e-03,2.66725929e-01,5.63631837e-03,7.27637753e-01
5.50000000e-03,2.66577047e-01,6.03334195e-03,7.27389611e-01
5.95000000e-03,2.66432306e-01,6.41404345e-03,7.27153650e-01
6.40000000e-03,2.66291311e-01,6.77957152e-03,7.26929118e-01
6.85000000e-03,2.66153721e-01,7.13094476e-03,7.26715334e-01
7.30000000e-03,2.66019232e-01,7.46907414e-03,7.26511693e-01
7.75000000e-03,2.65887591e-01,7.79478232e-03,7.26317627e-01
8.20000000e-03,2.65758569e-01,8.10881875e-03,7.26132612e-01
8.65000000e-03,2.65631950e-01,8.41185727e-03,7.25956192e-01
9.10000000e-03,2.65507559e-01,8.70451798e-03,7.25787923e-01
9.55000000e-03,2.65385226e-01,8.98736252e-03,7.25627412e-01
1.00000000e-02,2.65264814e-01,9.26090216e-03,7.25474284e-01
1.45000000e-02,2.64142544e-01,1.15745942e-02,7.24282862e-01
1.90000000e-02,2.63121613e-01,1.33192321e-02,7.23559155e-01
2.35000000e-02,2.62163714e-01,1.46776713e-02,7.23158615e-01
2.80000000e-02,2.61248274e-01,1.57587485e-02,7.22992978e-01
3.25000000e-02,2.60364883e-01,1.66373310e-02,7.22997786e-01
3.70000000e-02,2.59509262e-01,1.73604713e-02,7.23130267e-01
4.15000000e-02,2.58674913e-01,1.79647399e-02,7.23360347e-01
4.60000000e-02,2.57858138e-01,1.84775881e-02,7.23664274e-01
5.05000000e-02,2.57056351e-01,1.89190871e-02,7.24024562e-01
5.50000000e-02,2.56261352e-01,1.92990902e-02,7.24439557e-01
5.95000000e-02,2.55489230e-01,1.96357863e-02,7.24874984e-01
6.40000000e-02,2.54729929e-01,1.99351133e-02,7.25334958e-01
6.85000000e-02,2.53984055e-01,2.02017678e-02,7.25814177e-01
7.30000000e-02,2.53247396e-01,2.04472784e-02,7.26305326e-01
7.75000000e-02,2.52531153e-01,2.06729839e-02,7.26795864e-01
8.20000000e-02,2.51818163e-01,2.08835350e-02,7.27298302e-01
8.65000000e-02,2.51118916e-01,2.10793540e-02,7.27801730e-01
9.10000000e-02,2.50427524e-01,2.12653919e-02,7.28307084e-01
9.55000000e-02,2.49745743e-01,2.14422431e-02,7.28812013e-01
1.00000000e-01,2.49074774e-01,2.16099381e-02,7.29315288e-01
1.45000000e-01,2.42822752e-01,2.30886448e-02,7.34088603e-01
1.90000000e-01,2.37368519e-01,2.44041632e-02,7.38227318e-01
2.35000000e-01,2.32686648e-01,2.56285165e-02,7.41684835e-01
2.80000000e-01,2.28631174e-01,2.68034707e-02,7.44565355e-01
3.25000000e-01,2.25154356e-01,2.79197059e-02,7.46925938e-01
3.70000000e-01,2.22182896e-01,2.89830876e-02,7.48834017e-01
4.15000000e-01,2.19562049e-01,3.00064529e-02,7.50431498e-01
4.60000000e-01,2.17408490e-01,3.09580232e-02,7.51633487e-01
5.05000000e-01,2.15573839e-01,3.18692763e-02,7.52556884e-01
5.50000000e-01,2.14049948e-01,3.27243108e-02,7.53225742e-01
5.95000000e-01,2.12804192e-01,3.35262531e-02,7.53669554e-01
6.40000000e-01,2.11799520e-01,3.42784799e-02,7.53922000e-01
6.85000000e-01,2.11012022e-01,3.49818787e-02,7.54006099e-01
7.30000000e-01,2.10417326e-01,3.56383884e-02,7.53944285e-01
7.75000000e-01,2.09993581e-01,3.62500886e-02,7.53756330e-01
8.20000000e-01,2.09721169e-01,3.68190985e-02,7.53459732e-01
8.65000000e-01,2.09580915e-01,3.73483954e-02,7.53070690e-01
9.10000000e-01,2.09557918e-01,3.78424641e-02,7.52599618e-01
9.55000000e-01,2.09644623e-01,3.82912748e-02,7.52064102e-01
1.00000000e+00,2.09821564e-01,3.87078533e-02,7.51470582e-01
1.45000000e+00,2.14518316e-01,4.14076194e-02,7.44074064e-01
1.90000000e+00,2.20705255e-01,4.24884045e-02,7.36806340e-01
2.35000000e+00,2.26108407e-01,4.28813255e-02,7.31010268e-01
2.80000000e+00,2.30103817e-01,4.30137360e-02,7.26882447e-01
3.25000000e+00,2.32931657e-01,4.30628234e-02,7.24005520e-01
3.70000000e+00,2.34851707e-01,4.30967073e-02,7.22051586e-01
4.00000000e+00,2.35754562e-01,4.31248924e-02,7.21120545e-01
