t(s),cat,react1,react2,int1,int2,int3,prod,water
0.00000000e+00,2.00000000e-01,4.00000000e-01,4.00000000e-01,0.00000000e+00,0.00000000e+00,0.00000000e+00,0.00000000e+00,0.00000000e+00
1.00000000e+03,1.44140031e-05,3.28410889e-01,3.41795737e-01,1.33848486e-02,5.14687998e-04,3.15180974e-01,6.98449741e-04,0.00000000e+00
2.00000000e+03,1.43608070e-06,3.31789599e-01,3.33119309e-01,1.32970985e-03,4.91840816e-05,3.32059298e-01,1.65146486e-03,0.00000000e+00
3.00000000e+03,4.71065628e-07,3.31446544e-01,3.31881459e-01,4.34914786e-04,1.59973837e-05,3.33607652e-01,2.61296224e-03,0.00000000e+00
4.00000000e+03,3.99512122e-07,3.30826856e-01,3.31194641e-01,3.67784747e-04,1.34862911e-05,3.34020809e-01,3.57602307e-03,0.00000000e+00
5.00000000e+03,3.96440239e-07,3.30184934e-01,3.30548831e-01,3.63897285e-04,1.33048748e-05,3.34347788e-01,4.54084872e-03,0.00000000e+00
6.00000000e+03,3.98685411e-07,3.29540159e-01,3.29905051e-01,3.64892623e-04,1.33024906e-05,3.34668681e-01,5.50751516e-03,0.00000000e+00
7.00000000e+03,4.01368104e-07,3.28894017e-01,3.29260292e-01,3.66275232e-04,1.33139877e-05,3.34989663e-01,6.47603745e-03,0.00000000e+00
8.00000000e+03,4.04108882e-07,3.28246621e-01,3.28614318e-01,3.67696357e-04,1.33265886e-05,3.35311212e-01,7.44642200e-03,0.00000000e+00
9.00000000e+03,4.06878300e-07,3.27597977e-01,3.27967105e-01,3.69128816e-04,1.33392977e-05,3.35633369e-01,8.41867426e-03,0.00000000e+00
1.00000000e+04,4.09674327e-07,3.26948080e-01,3.27318651e-01,3.70570546e-04,1.33520369e-05,3.35956138e-01,9.39279961e-03,0.00000000e+00
1.10000000e+04,4.12497102e-07,3.26296928e-01,3.26668950e-01,3.72021458e-04,1.33648001e-05,3.36279520e-01,1.03688034e-02,0.00000000e+00
1.20000000e+04,4.15346941e-07,3.25644517e-01,3.26017999e-01,3.73481621e-04,1.33775868e-05,3.36603518e-01,1.13466911e-02,0.00000000e+00
1.30000000e+04,4.18224178e-07,3.24990844e-01,3.25365795e-01,3.74951119e-04,1.33903971e-05,3.36928134e-01,1.23264681e-02,0.00000000e+00
1.40000000e+04,4.21129154e-07,3.24335904e-01,3.24712334e-01,3.76430035e-04,1.34032311e-05,3.37253368e-01,1.33081398e-02,0.00000000e+00
1.50000000e+04,4.24062214e-07,3.23679694e-01,3.24057613e-01,3.77918457e-04,1.34160886e-05,3.37579223e-01,1.42917117e-02,0.00000000e+00
1.60000000e+04,4.27023710e-07,3.23022211e-01,3.23401627e-01,3.79416470e-04,1.34289699e-05,3.37905700e-01,1.52771892e-02,0.00000000e+00
1.70000000e+04,4.30013997e-07,3.22363450e-01,3.22744374e-01,3.80924162e-04,1.34418750e-05,3.38232802e-01,1.62645780e-02,0.00000000e+00
1.80000000e+04,4.33033438e-07,3.21703408e-01,3.22085850e-01,3.82441624e-04,1.34548040e-05,3.38560529e-01,1.72538834e-02,0.00000000e+00
1.90000000e+04,4.36082401e-07,3.21042082e-01,3.21426051e-01,3.83968944e-04,1.34677568e-05,3.38888884e-01,1.82451111e-02,0.00000000e+00
2.00000000e+04,4.39161259e-07,3.20379467e-01,3.20764973e-01,3.85506214e-04,1.34807335e-05,3.39217868e-01,1.92382666e-02,0.00000000e+00
2.10000000e+04,4.42270391e-07,3.19715559e-01,3.20102613e-01,3.87053526e-04,1.34937343e-05,3.39547483e-01,2.02333555e-02,0.00000000e+00
2.20000000e+04,4.45410183e-07,3.19050356e-01,3.19438967e-01,3.88610973e-04,1.35067591e-05,3.39877731e-01,2.12303834e-02,0.00000000e+00
2.30000000e+04,4.48581025e-07,3.18383853e-01,3.18774031e-01,3.90178651e-04,1.35198081e-05,3.40208613e-01,2.22293559e-02,0.00000000e+00
2.40000000e+04,4.51783314e-07,3.17716046e-01,3.18107803e-01,3.91756655e-04,1.35328812e-05,3.40540132e-01,2.32302788e-02,0.00000000e+00
2.50000000e+04,4.55017455e-07,3.17046932e-01,3.17440277e-01,3.93345081e-04,1.35459785e-05,3.40872288e-01,2.42331576e-02,0.00000000e+00
2.60000000e+04,4.58283858e-07,3.16376506e-01,3.16771450e-01,3.94944028e-04,1.35591001e-05,3.41205084e-01,2.52379980e-02,0.00000000e+00
2.70000000e+04,4.61582938e-07,3.15704765e-01,3.16101319e-01,3.96553595e-04,1.35722460e-05,3.41538522e-01,2.62448058e-02,0.00000000e+00
2.80000000e+04,4.64915119e-07,3.15031706e-01,3.15429880e-01,3.98173883e-04,1.35854164e-05,3.41872603e-01,2.72535867e-02,0.00000000e+00
2.90000000e+04,4.68280831e-07,3.14357323e-01,3.14757128e-01,3.99804992e-04,1.35986111e-05,3.42207330e-01,2.82643465e-02,0.00000000e+00
3.00000000e+04,4.71680510e-07,3.13681614e-01,3.14083061e-01,4.01447027e-04,1.36118304e-05,3.42542703e-01,2.92770909e-02,0.00000000e+00
3.10000000e+04,4.75114601e-07,3.13004574e-01,3.13407675e-01,4.03100092e-04,1.36250743e-05,3.42878725e-01,3.02918258e-02,0.00000000e+00
3.20000000e+04,4.78583554e-07,3.12326200e-01,3.12730964e-01,4.04764292e-04,1.36383427e-05,3.43215397e-01,3.13085569e-02,0.00000000e+00
3.30000000e+04,4.82087827e-07,3.11646487e-01,3.12052927e-01,4.06439734e-04,1.36516358e-05,3.43552722e-01,3.23272902e-02,0.00000000e+00
3.40000000e+04,4.85627886e-07,3.10965432e-01,3.11373559e-01,4.08126527e-04,1.36649536e-05,3.43890701e-01,3.33480314e-02,0.00000000e+00
3.50000000e+04,4.89204205e-07,3.10283030e-01,3.10692855e-01,4.09824780e-04,1.36782963e-05,3.44229335e-01,3.43707866e-02,0.00000000e+00
3.60000000e+04,4.92817264e-07,3.09599278e-01,3.10010813e-01,4.11534604e-04,1.36916637e-05,3.44568628e-01,3.53955615e-02,0.00000000e+00
3.70000000e+04,4.96467552e-07,3.08914172e-01,3.09327428e-01,4.13256111e-04,1.37050560e-05,3.44908580e-01,3.64223621e-02,0.00000000e+00
3.80000000e+04,5.00155566e-07,3.08227707e-01,3.08642697e-01,4.14989417e-04,1.37184733e-05,3.45249194e-01,3.74511945e-02,0.00000000e+00
3.90000000e+04,5.03881810e-07,3.07539880e-01,3.07956615e-01,4.16734635e-04,1.37319156e-05,3.45590470e-01,3.84820645e-02,0.00000000e+00
4.00000000e+04,5.07646799e-07,3.06850686e-01,3.07269178e-01,4.18491883e-04,1.37453829e-05,3.45932412e-01,3.95149782e-02,0.00000000e+00
4.10000000e+04,5.11451054e-07,3.06160122e-01,3.06580384e-01,4.20261279e-04,1.37588753e-05,3.46275021e-01,4.05499416e-02,0.00000000e+00
4.20000000e+04,5.15295106e-07,3.05468184e-01,3.05890227e-01,4.22042943e-04,1.37723929e-05,3.46618298e-01,4.15869608e-02,0.00000000e+00
4.30000000e+04,5.19179493e-07,3.04774866e-01,3.05198703e-01,4.23836997e-04,1.37859357e-05,3.46962247e-01,4.26260418e-02,0.00000000e+00
4.40000000e+04,5.23104765e-07,3.04080166e-01,3.04505810e-01,4.25643563e-04,1.37995038e-05,3.47306867e-01,4.36671907e-02,0.00000000e+00
4.50000000e+04,5.27071479e-07,3.03384079e-01,3.03811542e-01,4.27462767e-04,1.38130972e-05,3.47652163e-01,4.47104137e-02,0.00000000e+00
4.60000000e+04,5.31080202e-07,3.02686601e-01,3.03115896e-01,4.29294734e-04,1.38267160e-05,3.47998134e-01,4.57557168e-02,0.00000000e+00
4.70000000e+04,5.35131511e-07,3.01987728e-01,3.02418867e-01,4.31139592e-04,1.38403602e-05,3.48344784e-01,4.68031064e-02,0.00000000e+00
4.80000000e+04,5.39225991e-07,3.01287455e-01,3.01720452e-01,4.32997471e-04,1.38540299e-05,3.48692113e-01,4.78525885e-02,0.00000000e+00
4.90000000e+04,5.43364240e-07,3.00585779e-01,3.01020647e-01,4.34868503e-04,1.38677252e-05,3.49040125e-01,4.89041693e-02,0.00000000e+00
5.00000000e+04,5.47546864e-07,2.99882695e-01,3.00319448e-01,4.36752820e-04,1.38814460e-05,3.49388821e-01,4.99578552e-02,0.00000000e+00
5.10000000e+04,5.51774479e-07,2.99178199e-01,2.99616849e-01,4.38650557e-04,1.38951925e-05,3.49738202e-01,5.10136524e-02,0.00000000e+00
5.20000000e+04,5.56047713e-07,2.98472287e-01,2.98912849e-01,4.40561851e-04,1.39089647e-05,3.50088271e-01,5.20715671e-02,0.00000000e+00
5.30000000e+04,5.60367204e-07,2.97764954e-01,2.98207441e-01,4.42486840e-04,1.39227626e-05,3.50439029e-01,5.31316057e-02,0.00000000e+00
5.40000000e+04,5.64733601e-07,2.97056197e-01,2.97500622e-01,4.44425665e-04,1.39365864e-05,3.50790479e-01,5.41937745e-02,0.00000000e+00
5.50000000e+04,5.69147566e-07,2.96346010e-01,2.96792389e-01,4.46378467e-04,1.39504360e-05,3.51142623e-01,5.52580799e-02,0.00000000e+00
5.60000000e+04,5.73609770e-07,2.95634391e-01,2.96082736e-01,4.48345392e-04,1.39643116e-05,3.51495462e-01,5.63245282e-02,0.00000000e+00
5.70000000e+04,5.78120896e-07,2.94921333e-01,2.95371660e-01,4.50326584e-04,1.39782131e-05,3.51848998e-01,5.73931259e-02,0.00000000e+00
5.80000000e+04,5.82681641e-07,2.94206834e-01,2.94659156e-01,4.52322193e-04,1.39921406e-05,3.52203234e-01,5.84638795e-02,0.00000000e+00
5.90000000e+04,5.87292712e-07,2.93490888e-01,2.93945221e-01,4.54332368e-04,1.40060942e-05,3.52558170e-01,5.95367952e-02,0.00000000e+00
6.00000000e+04,5.91954830e-07,2.92773492e-01,2.93229849e-01,4.56357261e-04,1.40200739e-05,3.52913810e-01,6.06118798e-02,0.00000000e+00
6.10000000e+04,5.96668728e-07,2.92054640e-01,2.92513037e-01,4.58397027e-04,1.40340798e-05,3.53270155e-01,6.16891396e-02,0.00000000e+00
6.20000000e+04,6.01435152e-07,2.91334329e-01,2.91794781e-01,4.60451822e-04,1.40481119e-05,3.53627207e-01,6.27685812e-02,0.00000000e+00
6.30000000e+04,6.06254861e-07,2.90612554e-01,2.91075076e-01,4.62521805e-04,1.40621703e-05,3.53984969e-01,6.38502111e-02,0.00000000e+00
6.40000000e+04,6.11128629e-07,2.89889311e-01,2.90353918e-01,4.64607136e-04,1.40762551e-05,3.54343441e-01,6.49340360e-02,0.00000000e+00
6.50000000e+04,6.16057242e-07,2.89164594e-01,2.89631302e-01,4.66707978e-04,1.40903662e-05,3.54702626e-01,6.60200624e-02,0.00000000e+00
6.60000000e+04,6.21041501e-07,2.88438401e-01,2.88907225e-01,4.68824497e-04,1.41045037e-05,3.55062527e-01,6.71082970e-02,0.00000000e+00
6.70000000e+04,6.26082222e-07,2.87710725e-01,2.88181682e-01,4.70956859e-04,1.41186678e-05,3.55423144e-01,6.81987465e-02,0.00000000e+00
6.80000000e+04,6.31180235e-07,2.86981564e-01,2.87454669e-01,4.73105236e-04,1.41328583e-05,3.55784481e-01,6.92914175e-02,0.00000000e+00
6.90000000e+04,6.36336385e-07,2.86250911e-01,2.86726181e-01,4.75269799e-04,1.41470754e-05,3.56146538e-01,7.03863168e-02,0.00000000e+00
7.00000000e+04,6.41551533e-07,2.85518763e-01,2.85996214e-01,4.77450724e-04,1.41613192e-05,3.56509319e-01,7.14834511e-02,0.00000000e+00
7.10000000e+04,6.46826555e-07,2.84785115e-01,2.85264763e-01,4.79648187e-04,1.41755896e-05,3.56872824e-01,7.25828271e-02,0.00000000e+00
7.20000000e+04,6.52162344e-07,2.84049962e-01,2.84531825e-01,4.81862368e-04,1.41898868e-05,3.57237057e-01,7.36844517e-02,0.00000000e+00
7.30000000e+04,6.57559809e-07,2.83313300e-01,2.83797394e-01,4.84093449e-04,1.42042108e-05,3.57602019e-01,7.47883317e-02,0.00000000e+00
7.40000000e+04,6.63019875e-07,2.82575125e-01,2.83061466e-01,4.86341616e-04,1.42185615e-05,3.57967712e-01,7.58944738e-02,0.00000000e+00
7.50000000e+04,6.68543486e-07,2.81835430e-01,2.82324037e-01,4.88607057e-04,1.42329391e-05,3.58334138e-01,7.70028851e-02,0.00000000e+00
7.60000000e+04,6.74131602e-07,2.81094213e-01,2.81585103e-01,4.90889961e-04,1.42473437e-05,3.58701300e-01,7.81135724e-02,0.00000000e+00
7.70000000e+04,6.79785202e-07,2.80351468e-01,2.80844659e-01,4.93190521e-04,1.42617752e-05,3.59069199e-01,7.92265426e-02,0.00000000e+00
7.80000000e+04,6.85505281e-07,2.79607190e-01,2.80102699e-01,4.95508935e-04,1.42762337e-05,3.59437837e-01,8.03418026e-02,0.00000000e+00
7.90000000e+04,6.91292857e-07,2.78861376e-01,2.79359221e-01,4.97845399e-04,1.42907193e-05,3.59807216e-01,8.14593595e-02,0.00000000e+00
8.00000000e+04,6.97148964e-07,2.78114019e-01,2.78614219e-01,5.00200117e-04,1.43052320e-05,3.60177339e-01,8.25792203e-02,0.00000000e+00
8.10000000e+04,7.03074655e-07,2.77365115e-01,2.77867689e-01,5.02573293e-04,1.43197718e-05,3.60548208e-01,8.37013919e-02,0.00000000e+00
8.20000000e+04,7.09071006e-07,2.76614660e-01,2.77119625e-01,5.04965134e-04,1.43343388e-05,3.60919824e-01,8.48258815e-02,0.00000000e+00
8.30000000e+04,7.15139111e-07,2.75862649e-01,2.76370025e-01,5.07375852e-04,1.43489331e-05,3.61292190e-01,8.59526962e-02,0.00000000e+00
8.40000000e+04,7.21280086e-07,2.75109077e-01,2.75618882e-01,5.09805660e-04,1.43635546e-05,3.61665308e-01,8.70818430e-02,0.00000000e+00
8.50000000e+04,7.27495069e-07,2.74353938e-01,2.74866193e-01,5.12254776e-04,1.43782034e-05,3.62039179e-01,8.82133291e-02,0.00000000e+00
8.60000000e+04,7.33785219e-07,2.73597229e-01,2.74111952e-01,5.14723419e-04,1.43928796e-05,3.62413807e-01,8.93471617e-02,0.00000000e+00
8.70000000e+04,7.40151718e-07,2.72838944e-01,2.73356156e-01,5.17211813e-04,1.44075832e-05,3.62789192e-01,9.04833480e-02,0.00000000e+00
8.80000000e+04,7.46595770e-07,2.72079079e-01,2.72598799e-01,5.19720187e-04,1.44223142e-05,3.63165338e-01,9.16218951e-02,0.00000000e+00
8.90000000e+04,7.53118604e-07,2.71317628e-01,2.71839877e-01,5.22248769e-04,1.44370727e-05,3.63542246e-01,9.27628105e-02,0.00000000e+00
9.00000000e+04,7.59721471e-07,2.70554586e-01,2.71079384e-01,5.24797795e-04,1.44518588e-05,3.63919919e-01,9.39061013e-02,0.00000000e+00
9.10000000e+04,7.66405650e-07,2.69789950e-01,2.70317317e-01,5.27367501e-04,1.44666723e-05,3.64298358e-01,9.50517748e-02,0.00000000e+00
9.20000000e+04,7.73172442e-07,2.69023713e-01,2.69553671e-01,5.29958129e-04,1.44815135e-05,3.64677565e-01,9.61998385e-02,0.00000000e+00
9.30000000e+04,7.80023176e-07,2.68255870e-01,2.68788440e-01,5.32569924e-04,1.44963824e-05,3.65057544e-01,9.73502996e-02,0.00000000e+00
9.40000000e+04,7.86959204e-07,2.67486418e-01,2.68021621e-01,5.35203134e-04,1.45112789e-05,3.65438295e-01,9.85031656e-02,0.00000000e+00
9.50000000e+04,7.93981910e-07,2.66715349e-01,2.67253207e-01,5.37858013e-04,1.45262031e-05,3.65819821e-01,9.96584438e-02,0.00000000e+00
9.60000000e+04,8.01092701e-07,2.65942661e-01,2.66483196e-01,5.40534816e-04,1.45411550e-05,3.66202125e-01,1.00816142e-01,0.00000000e+00
9.70000000e+04,8.08293016e-07,2.65168347e-01,2.65711581e-01,5.43233804e-04,1.45561347e-05,3.66585207e-01,1.01976267e-01,0.00000000e+00
9.80000000e+04,8.15584321e-07,2.64392402e-01,2.64938357e-01,5.45955242e-04,1.45711422e-05,3.66969072e-01,1.03138827e-01,0.00000000e+00
9.90000000e+04,8.22968111e-07,2.63614821e-01,2.64163521e-01,5.48699398e-04,1.45861776e-05,3.67353720e-01,1.04303830e-01,0.00000000e+00
1.00000000e+05,8.30445915e-07,2.62835600e-01,2.63387067e-01,5.51466546e-04,1.46012408e-05,3.67739153e-01,1.05471282e-01,0.00000000e+00
1.01000000e+05,8.38019288e-07,2.62054733e-01,2.62608990e-01,5.54256963e-04,1.46163320e-05,3.68125375e-01,1.06641191e-01,0.00000000e+00
1.02000000e+05,8.45689822e-07,2.61272214e-01,2.61829285e-01,5.57070930e-04,1.46314511e-05,3.68512387e-01,1.07813566e-01,0.00000000e+00
1.03000000e+05,8.53459139e-07,2.60488039e-01,2.61047948e-01,5.59908734e-04,1.46465981e-05,3.68900191e-01,1.08988414e-01,0.00000000e+00
1.04000000e+05,8.61328893e-07,2.59702202e-01,2.60264973e-01,5.62770665e-04,1.46617731e-05,3.69288789e-01,1.10165742e-01,0.00000000e+00
1.05000000e+05,8.69300777e-07,2.58914699e-01,2.59480356e-01,5.65657020e-04,1.46769762e-05,3.69678184e-01,1.11345558e-01,0.00000000e+00
1.06000000e+05,8.77376516e-07,2.58125523e-01,2.58694091e-01,5.68568097e-04,1.46922072e-05,3.70068378e-01,1.12527870e-01,0.00000000e+00
1.07000000e+05,8.85557871e-07,2.57334670e-01,2.57906174e-01,5.71504203e-04,1.47074664e-05,3.70459373e-01,1.13712686e-01,0.00000000e+00
1.08000000e+05,8.93846640e-07,2.56542134e-01,2.57116599e-01,5.74465648e-04,1.47227536e-05,3.70851171e-01,1.14900014e-01,0.00000000e+00
1.09000000e+05,9.02244661e-07,2.55747910e-01,2.56325362e-01,5.77452746e-04,1.47380690e-05,3.71243775e-01,1.16089860e-01,0.00000000e+00
1.10000000e+05,9.10753809e-07,2.54951992e-01,2.55532458e-01,5.80465818e-04,1.47534124e-05,3.71637186e-01,1.17282234e-01,0.00000000e+00
1.11000000e+05,9.19376000e-07,2.54154376e-01,2.54737881e-01,5.83505190e-04,1.47687841e-05,3.72031407e-01,1.18477144e-01,0.00000000e+00
1.12000000e+05,9.28113189e-07,2.53355055e-01,2.53941626e-01,5.86571192e-04,1.47841839e-05,3.72426439e-01,1.19674596e-01,0.00000000e+00
1.13000000e+05,9.36967374e-07,2.52554025e-01,2.53143689e-01,5.89664162e-04,1.47996118e-05,3.72822286e-01,1.20874599e-01,0.00000000e+00
1.14000000e+05,9.45940597e-07,2.51751279e-01,2.52344064e-01,5.92784441e-04,1.48150680e-05,3.73218950e-01,1.22077162e-01,0.00000000e+00
1.15000000e+05,9.55034943e-07,2.50946814e-01,2.51542746e-01,5.95932376e-04,1.48305524e-05,3.73616432e-01,1.23282291e-01,0.00000000e+00
1.16000000e+05,9.64252543e-07,2.50140622e-01,2.50739730e-01,5.99108323e-04,1.48460650e-05,3.74014734e-01,1.24489996e-01,0.00000000e+00
1.17000000e+05,9.73595573e-07,2.49332698e-01,2.49935011e-01,6.02312640e-04,1.48616059e-05,3.74413860e-01,1.25700283e-01,0.00000000e+00
1.18000000e+05,9.83066257e-07,2.48523037e-01,2.49128583e-01,6.05545693e-04,1.48771750e-05,3.74813811e-01,1.26913162e-01,0.00000000e+00
1.19000000e+05,9.92666870e-07,2.47711634e-01,2.48320442e-01,6.08807855e-04,1.48927723e-05,3.75214589e-01,1.28128641e-01,0.00000000e+00
1.20000000e+05,1.00239973e-06,2.46898483e-01,2.47510582e-01,6.12099503e-04,1.49083980e-05,3.75616197e-01,1.29346727e-01,0.00000000e+00
1.21000000e+05,1.01226723e-06,2.46083577e-01,2.46698998e-01,6.15421022e-04,1.49240518e-05,3.76018637e-01,1.30567430e-01,0.00000000e+00
1.22000000e+05,1.02227177e-06,2.45266913e-01,2.45885685e-01,6.18772804e-04,1.49397340e-05,3.76421911e-01,1.31790756e-01,0.00000000e+00
1.23000000e+05,1.03241585e-06,2.44448483e-01,2.45070638e-01,6.22155246e-04,1.49554444e-05,3.76826022e-01,1.33016715e-01,0.00000000e+00
1.24000000e+05,1.04270201e-06,2.43628282e-01,2.44253851e-01,6.25568756e-04,1.49711831e-05,3.77230971e-01,1.34245314e-01,0.00000000e+00
1.25000000e+05,1.05313283e-06,2.42806305e-01,2.43435318e-01,6.29013743e-04,1.49869501e-05,3.77636760e-01,1.35476563e-01,0.00000000e+00
1.26000000e+05,1.06371098e-06,2.41982545e-01,2.42615036e-01,6.32490628e-04,1.50027453e-05,3.78043393e-01,1.36710469e-01,0.00000000e+00
1.27000000e+05,1.07443916e-06,2.41156998e-01,2.41792998e-01,6.35999838e-04,1.50185687e-05,3.78450871e-01,1.37947040e-01,0.00000000e+00
1.28000000e+05,1.08532016e-06,2.40329657e-01,2.40969199e-01,6.39541806e-04,1.50344204e-05,3.78859196e-01,1.39186287e-01,0.00000000e+00
1.29000000e+05,1.09635681e-06,2.39500516e-01,2.40143633e-01,6.43116976e-04,1.50503004e-05,3.79268372e-01,1.40428215e-01,0.00000000e+00
1.30000000e+05,1.10755202e-06,2.38669570e-01,2.39316296e-01,6.46725796e-04,1.50662085e-05,3.79678399e-01,1.41672835e-01,0.00000000e+00
1.31000000e+05,1.11890875e-06,2.37836813e-01,2.38487182e-01,6.50368726e-04,1.50821449e-05,3.80089280e-01,1.42920155e-01,0.00000000e+00
1.32000000e+05,1.13043006e-06,2.37002239e-01,2.37656285e-01,6.54046230e-04,1.50981094e-05,3.80501017e-01,1.44170184e-01,0.00000000e+00
1.33000000e+05,1.14211905e-06,2.36165842e-01,2.36823601e-01,6.57758784e-04,1.51141021e-05,3.80913614e-01,1.45422929e-01,0.00000000e+00
1.34000000e+05,1.15397890e-06,2.35327616e-01,2.35989123e-01,6.61506871e-04,1.51301230e-05,3.81327071e-01,1.46678400e-01,0.00000000e+00
1.35000000e+05,1.16601289e-06,2.34487555e-01,2.35152846e-01,6.65290983e-04,1.51461719e-05,3.81741391e-01,1.47936605e-01,0.00000000e+00
1.36000000e+05,1.17822434e-06,2.33645654e-01,2.34314765e-01,6.69111622e-04,1.51622490e-05,3.82156576e-01,1.49197553e-01,0.00000000e+00
1.37000000e+05,1.19061667e-06,2.32801906e-01,2.33474875e-01,6.72969296e-04,1.51783540e-05,3.82572629e-01,1.50461252e-01,0.00000000e+00
1.38000000e+05,1.20319338e-06,2.31956305e-01,2.32633169e-01,6.76864527e-04,1.51944872e-05,3.82989552e-01,1.51727712e-01,0.00000000e+00
1.39000000e+05,1.21595805e-06,2.31108845e-01,2.31789643e-01,6.80797842e-04,1.52106482e-05,3.83407346e-01,1.52996942e-01,0.00000000e+00
1.40000000e+05,1.22891435e-06,2.30259520e-01,2.30944290e-01,6.84769782e-04,1.52268373e-05,3.83826015e-01,1.54268949e-01,0.00000000e+00
1.41000000e+05,1.24206605e-06,2.29408325e-01,2.30097106e-01,6.88780895e-04,1.52430542e-05,3.84245560e-01,1.55543743e-01,0.00000000e+00
1.42000000e+05,1.25541697e-06,2.28555252e-01,2.29248084e-01,6.92831742e-04,1.52592990e-05,3.84665984e-01,1.56821334e-01,0.00000000e+00
1.43000000e+05,1.26897107e-06,2.27700296e-01,2.28397219e-01,6.96922891e-04,1.52755716e-05,3.85087288e-01,1.58101728e-01,0.00000000e+00
1.44000000e+05,1.28273239e-06,2.26843451e-01,2.27544506e-01,7.01054925e-04,1.52918719e-05,3.85509476e-01,1.59384937e-01,0.00000000e+00
1.45000000e+05,1.29670507e-06,2.25984710e-01,2.26689939e-01,7.05228435e-04,1.53081999e-05,3.85932549e-01,1.60670968e-01,0.00000000e+00
1.46000000e+05,1.31089334e-06,2.25124068e-01,2.25833512e-01,7.09444024e-04,1.53245556e-05,3.86356509e-01,1.61959832e-01,0.00000000e+00
1.47000000e+05,1.32530156e-06,2.24261517e-01,2.24975220e-01,7.13702307e-04,1.53409388e-05,3.86781359e-01,1.63251535e-01,0.00000000e+00
1.48000000e+05,1.33993417e-06,2.23397053e-01,2.24115056e-01,7.18003911e-04,1.53573495e-05,3.87207101e-01,1.64546089e-01,0.00000000e+00
1.49000000e+05,1.35479576e-06,2.22530667e-01,2.23253017e-01,7.22349475e-04,1.53737876e-05,3.87633736e-01,1.65843502e-01,0.00000000e+00
1.50000000e+05,1.36989099e-06,2.21662355e-01,2.22389094e-01,7.26739650e-04,1.53902531e-05,3.88061268e-01,1.67143783e-01,0.00000000e+00
1.51000000e+05,1.38522467e-06,2.20792109e-01,2.21523284e-01,7.31175100e-04,1.54067458e-05,3.88489698e-01,1.68446941e-01,0.00000000e+00
1.52000000e+05,1.40080173e-06,2.19919924e-01,2.20655580e-01,7.35656503e-04,1.54232657e-05,3.88919029e-01,1.69752986e-01,0.00000000e+00
1.53000000e+05,1.41662721e-06,2.19045793e-01,2.19785977e-01,7.40184548e-04,1.54398127e-05,3.89349262e-01,1.71061927e-01,0.00000000e+00
1.54000000e+05,1.43270630e-06,2.18169709e-01,2.18914469e-01,7.44759941e-04,1.54563867e-05,3.89780400e-01,1.72373773e-01,0.00000000e+00
1.55000000e+05,1.44904431e-06,2.17291666e-01,2.18041050e-01,7.49383399e-04,1.54729877e-05,3.90212445e-01,1.73688534e-01,0.00000000e+00
1.56000000e+05,1.46564670e-06,2.16411658e-01,2.17165714e-01,7.54055655e-04,1.54896153e-05,3.90645399e-01,1.75006218e-01,0.00000000e+00
1.57000000e+05,1.48251904e-06,2.15529678e-01,2.16288455e-01,7.58777458e-04,1.55062697e-05,3.91079265e-01,1.76326836e-01,0.00000000e+00
1.58000000e+05,1.49966710e-06,2.14645719e-01,2.15409269e-01,7.63549568e-04,1.55229507e-05,3.91514043e-01,1.77650396e-01,0.00000000e+00
1.59000000e+05,1.51709677e-06,2.13759776e-01,2.14528149e-01,7.68372765e-04,1.55396580e-05,3.91949738e-01,1.78976908e-01,0.00000000e+00
1.60000000e+05,1.53481408e-06,2.12871841e-01,2.13645089e-01,7.73247842e-04,1.55563918e-05,3.92386349e-01,1.80306382e-01,0.00000000e+00
1.61000000e+05,1.55282526e-06,2.11981907e-01,2.12760083e-01,7.78175610e-04,1.55731516e-05,3.92823880e-01,1.81638828e-01,0.00000000e+00
1.62000000e+05,1.57113668e-06,2.11089969e-01,2.11873126e-01,7.83156895e-04,1.55899376e-05,3.93262333e-01,1.82974253e-01,0.00000000e+00
1.63000000e+05,1.58975490e-06,2.10196019e-01,2.10984212e-01,7.88192543e-04,1.56067494e-05,3.93701710e-01,1.84312670e-01,0.00000000e+00
1.64000000e+05,1.60868663e-06,2.09300051e-01,2.10093335e-01,7.93283414e-04,1.56235871e-05,3.94142013e-01,1.85654086e-01,0.00000000e+00
1.65000000e+05,1.62793879e-06,2.08402058e-01,2.09200488e-01,7.98430389e-04,1.56404503e-05,3.94583243e-01,1.86998512e-01,0.00000000e+00
1.66000000e+05,1.64751848e-06,2.07502033e-01,2.08305667e-01,8.03634366e-04,1.56573389e-05,3.95025403e-01,1.88345957e-01,0.00000000e+00
1.67000000e+05,1.66743299e-06,2.06599970e-01,2.07408866e-01,8.08896262e-04,1.56742528e-05,3.95468495e-01,1.89696431e-01,0.00000000e+00
1.68000000e+05,1.68768982e-06,2.05695861e-01,2.06510078e-01,8.14217015e-04,1.56911918e-05,3.95912521e-01,1.91049944e-01,0.00000000e+00
1.69000000e+05,1.70829667e-06,2.04789700e-01,2.05609297e-01,8.19597580e-04,1.57081556e-05,3.96357483e-01,1.92406506e-01,0.00000000e+00
1.70000000e+05,1.72926147e-06,2.03881480e-01,2.04706519e-01,8.25038937e-04,1.57251442e-05,3.96803383e-01,1.93766126e-01,0.00000000e+00
1.71000000e+05,1.75059235e-06,2.02971194e-01,2.03801736e-01,8.30542083e-04,1.57421573e-05,3.97250222e-01,1.95128814e-01,0.00000000e+00
1.72000000e+05,1.77229769e-06,2.02058835e-01,2.02894943e-01,8.36108038e-04,1.57591946e-05,3.97698003e-01,1.96494580e-01,0.00000000e+00
1.73000000e+05,1.79438610e-06,2.01144396e-01,2.01986134e-01,8.41737845e-04,1.57762560e-05,3.98146728e-01,1.97863435e-01,0.00000000e+00
1.74000000e+05,1.81686644e-06,2.00227870e-01,2.01075303e-01,8.47432571e-04,1.57933413e-05,3.98596398e-01,1.99235387e-01,0.00000000e+00
1.75000000e+05,1.83974781e-06,1.99309250e-01,2.00162444e-01,8.53193302e-04,1.58104502e-05,3.99047015e-01,2.00610448e-01,0.00000000e+00
1.76000000e+05,1.86303959e-06,1.98388530e-01,1.99247551e-01,8.59021153e-04,1.58275824e-05,3.99498581e-01,2.01988626e-01,0.00000000e+00
1.77000000e+05,1.88675142e-06,1.97465701e-01,1.98330618e-01,8.64917262e-04,1.58447377e-05,3.99951099e-01,2.03369933e-01,0.00000000e+00
1.78000000e+05,1.91089324e-06,1.96540758e-01,1.97411640e-01,8.70882791e-04,1.58619158e-05,4.00404569e-01,2.04754378e-01,0.00000000e+00
1.79000000e+05,1.93547526e-06,1.95613692e-01,1.96490610e-01,8.76918931e-04,1.58791165e-05,4.00858993e-01,2.06141971e-01,0.00000000e+00
1.80000000e+05,1.96050801e-06,1.94684496e-01,1.95567523e-01,8.83026898e-04,1.58963394e-05,4.01314374e-01,2.07532722e-01,0.00000000e+00
1.81000000e+05,1.98600231e-06,1.93753164e-01,1.94642372e-01,8.89207935e-04,1.59135843e-05,4.01770713e-01,2.08926643e-01,0.00000000e+00
1.82000000e+05,2.01196933e-06,1.92819689e-01,1.93715152e-01,8.95463316e-04,1.59308509e-05,4.02228012e-01,2.10323742e-01,0.00000000e+00
1.83000000e+05,2.03842055e-06,1.91884062e-01,1.92785856e-01,9.01794343e-04,1.59481388e-05,4.02686272e-01,2.11724030e-01,0.00000000e+00
1.84000000e+05,2.06536782e-06,1.90946276e-01,1.91854479e-01,9.08202348e-04,1.59654476e-05,4.03145495e-01,2.13127517e-01,0.00000000e+00
1.85000000e+05,2.09282333e-06,1.90006326e-01,1.90921014e-01,9.14688693e-04,1.59827771e-05,4.03605682e-01,2.14534214e-01,0.00000000e+00
1.86000000e+05,2.12079966e-06,1.89064202e-01,1.89985456e-01,9.21254775e-04,1.60001269e-05,4.04066836e-01,2.15944130e-01,0.00000000e+00
1.87000000e+05,2.14930976e-06,1.88119897e-01,1.89047799e-01,9.27902020e-04,1.60174965e-05,4.04528957e-01,2.17357277e-01,0.00000000e+00
1.88000000e+05,2.17836700e-06,1.87173405e-01,1.88108037e-01,9.34631890e-04,1.60348857e-05,4.04992047e-01,2.18773665e-01,0.00000000e+00
1.89000000e+05,2.20798514e-06,1.86224718e-01,1.87166164e-01,9.41445882e-04,1.60522939e-05,4.05456108e-01,2.20193304e-01,0.00000000e+00
1.90000000e+05,2.23817841e-06,1.85273828e-01,1.86222174e-01,9.48345528e-04,1.60697208e-05,4.05921141e-01,2.21616204e-01,0.00000000e+00
1.91000000e+05,2.26896144e-06,1.84320728e-01,1.85276060e-01,9.55332396e-04,1.60871660e-05,4.06387147e-01,2.23042376e-01,0.00000000e+00
1.92000000e+05,2.30034935e-06,1.83365410e-01,1.84327818e-01,9.62408094e-04,1.61046289e-05,4.06854128e-01,2.24471831e-01,0.00000000e+00
1.93000000e+05,2.33235776e-06,1.82407867e-01,1.83377441e-01,9.69574269e-04,1.61221091e-05,4.07322084e-01,2.25904578e-01,0.00000000e+00
1.94000000e+05,2.36500274e-06,1.81448091e-01,1.82424924e-01,9.76832605e-04,1.61396061e-05,4.07791018e-01,2.27340630e-01,0.00000000e+00
1.95000000e+05,2.39830094e-06,1.80486075e-01,1.81470260e-01,9.84184833e-04,1.61571194e-05,4.08260931e-01,2.28779995e-01,0.00000000e+00
1.96000000e+05,2.43226949e-06,1.79521810e-01,1.80513443e-01,9.91632721e-04,1.61746485e-05,4.08731823e-01,2.30222684e-01,0.00000000e+00
1.97000000e+05,2.46692613e-06,1.78555290e-01,1.79554468e-01,9.99178085e-04,1.61921928e-05,4.09203695e-01,2.31668709e-01,0.00000000e+00
1.98000000e+05,2.50228915e-06,1.77586506e-01,1.78593329e-01,1.00682279e-03,1.62097517e-05,4.09676549e-01,2.33118080e-01,0.00000000e+00
1.99000000e+05,2.53837746e-06,1.76615451e-01,1.77630020e-01,1.01456873e-03,1.62273247e-05,4.10150386e-01,2.34570808e-01,0.00000000e+00
2.00000000e+05,2.57521060e-06,1.75642117e-01,1.76664535e-01,1.02241787e-03,1.62449112e-05,4.10625207e-01,2.36026903e-01,0.00000000e+00
2.01000000e+05,2.61280876e-06,1.74666497e-01,1.75696869e-01,1.03037222e-03,1.62625104e-05,4.11101012e-01,2.37486375e-01,0.00000000e+00
2.02000000e+05,2.65119280e-06,1.73688581e-01,1.74727015e-01,1.03843383e-03,1.62801218e-05,4.11577802e-01,2.38949237e-01,0.00000000e+00
2.03000000e+05,2.69038432e-06,1.72708364e-01,1.73754968e-01,1.04660481e-03,1.62977447e-05,4.12055578e-01,2.40415497e-01,0.00000000e+00
2.04000000e+05,2.73040562e-06,1.71725836e-01,1.72780723e-01,1.05488733e-03,1.63153783e-05,4.12534340e-01,2.41885168e-01,0.00000000e+00
2.05000000e+05,2.77127980e-06,1.70740989e-01,1.71804273e-01,1.06328361e-03,1.63330219e-05,4.13014090e-01,2.43358260e-01,0.00000000e+00
2.06000000e+05,2.81303073e-06,1.69753816e-01,1.70825612e-01,1.07179592e-03,1.63506747e-05,4.13494828e-01,2.44834784e-01,0.00000000e+00
2.07000000e+05,2.85568313e-06,1.68764310e-01,1.69844736e-01,1.08042661e-03,1.63683360e-05,4.13976553e-01,2.46314750e-01,0.00000000e+00
2.08000000e+05,2.89926259e-06,1.67772461e-01,1.68861639e-01,1.08917809e-03,1.63860048e-05,4.14459268e-01,2.47798170e-01,0.00000000e+00
2.09000000e+05,2.94379558e-06,1.66778261e-01,1.67876314e-01,1.09805281e-03,1.64036805e-05,4.14942971e-01,2.49285054e-01,0.00000000e+00
2.10000000e+05,2.98930955e-06,1.65781704e-01,1.66888757e-01,1.10705331e-03,1.64213619e-05,4.15427663e-01,2.50775413e-01,0.00000000e+00
2.11000000e+05,3.03583290e-06,1.64782780e-01,1.65898962e-01,1.11618219e-03,1.64390483e-05,4.15913344e-01,2.52269258e-01,0.00000000e+00
2.12000000e+05,3.08339506e-06,1.63781481e-01,1.64906923e-01,1.12544213e-03,1.64567387e-05,4.16400015e-01,2.53766599e-01,0.00000000e+00
2.13000000e+05,3.13202653e-06,1.62777799e-01,1.63912635e-01,1.13483587e-03,1.64744320e-05,4.16887674e-01,2.55267449e-01,0.00000000e+00
2.14000000e+05,3.18175894e-06,1.61771727e-01,1.62916093e-01,1.14436624e-03,1.64921273e-05,4.17376322e-01,2.56771817e-01,0.00000000e+00
2.15000000e+05,3.23262506e-06,1.60763256e-01,1.61917292e-01,1.15403613e-03,1.65098234e-05,4.17865959e-01,2.58279715e-01,0.00000000e+00
2.16000000e+05,3.28465889e-06,1.59752377e-01,1.60916225e-01,1.16384853e-03,1.65275193e-05,4.18356584e-01,2.59791153e-01,0.00000000e+00
2.17000000e+05,3.33789569e-06,1.58739082e-01,1.59912889e-01,1.17380650e-03,1.65452137e-05,4.18848197e-01,2.61306142e-01,0.00000000e+00
2.18000000e+05,3.39237205e-06,1.57723364e-01,1.58907277e-01,1.18391321e-03,1.65629055e-05,4.19340797e-01,2.62824694e-01,0.00000000e+00
2.19000000e+05,3.44812596e-06,1.56705213e-01,1.57899385e-01,1.19417188e-03,1.65805934e-05,4.19834383e-01,2.64346819e-01,0.00000000e+00
2.20000000e+05,3.50519682e-06,1.55684621e-01,1.56889207e-01,1.20458586e-03,1.65982760e-05,4.20328955e-01,2.65872528e-01,0.00000000e+00
2.21000000e+05,3.56362559e-06,1.54661580e-01,1.55876739e-01,1.21515858e-03,1.66159521e-05,4.20824511e-01,2.67401832e-01,0.00000000e+00
2.22000000e+05,3.62345478e-06,1.53636082e-01,1.54861975e-01,1.22589358e-03,1.66336203e-05,4.21321050e-01,2.68934742e-01,0.00000000e+00
2.23000000e+05,3.68472859e-06,1.52608117e-01,1.53844912e-01,1.23679449e-03,1.66512790e-05,4.21818571e-01,2.70471269e-01,0.00000000e+00
2.24000000e+05,3.74749292e-06,1.51577679e-01,1.52825544e-01,1.24786505e-03,1.66689267e-05,4.22317073e-01,2.72011423e-01,0.00000000e+00
2.25000000e+05,3.81179551e-06,1.50544757e-01,1.51803866e-01,1.25910913e-03,1.66865619e-05,4.22816554e-01,2.73555216e-01,0.00000000e+00
2.26000000e+05,3.87768600e-06,1.49509343e-01,1.50779874e-01,1.27053069e-03,1.67041829e-05,4.23317012e-01,2.75102659e-01,0.00000000e+00
2.27000000e+05,3.94521603e-06,1.48471430e-01,1.49753563e-01,1.28213382e-03,1.67217880e-05,4.23818445e-01,2.76653761e-01,0.00000000e+00
2.28000000e+05,4.01443933e-06,1.47431007e-01,1.48724930e-01,1.29392274e-03,1.67393754e-05,4.24320851e-01,2.78208535e-01,0.00000000e+00
2.29000000e+05,4.08541180e-06,1.46388068e-01,1.47693969e-01,1.30590180e-03,1.67569433e-05,4.24824228e-01,2.79766991e-01,0.00000000e+00
2.30000000e+05,4.15819168e-06,1.45342602e-01,1.46660677e-01,1.31807546e-03,1.67744896e-05,4.25328574e-01,2.81329139e-01,0.00000000e+00
2.31000000e+05,4.23283958e-06,1.44294601e-01,1.45625050e-01,1.33044835e-03,1.67920125e-05,4.25833886e-01,2.82894990e-01,0.00000000e+00
2.32000000e+05,4.30941869e-06,1.43244057e-01,1.44587083e-01,1.34302523e-03,1.68095098e-05,4.26340160e-01,2.84464556e-01,0.00000000e+00
2.33000000e+05,4.38799483e-06,1.42190961e-01,1.43546772e-01,1.35581101e-03,1.68269793e-05,4.26847394e-01,2.86037846e-01,0.00000000e+00
2.34000000e+05,4.46863663e-06,1.41135305e-01,1.42504115e-01,1.36881075e-03,1.68444187e-05,4.27355584e-01,2.87614872e-01,0.00000000e+00
2.35000000e+05,4.55141563e-06,1.40077078e-01,1.41459108e-01,1.38202968e-03,1.68618258e-05,4.27864728e-01,2.89195644e-01,0.00000000e+00
2.36000000e+05,4.63640651e-06,1.39016273e-01,1.40411746e-01,1.39547320e-03,1.68791980e-05,4.28374820e-01,2.90780172e-01,0.00000000e+00
2.37000000e+05,4.72368715e-06,1.37952880e-01,1.39362027e-01,1.40914687e-03,1.68965327e-05,4.28885857e-01,2.92368468e-01,0.00000000e+00
2.38000000e+05,4.81333888e-06,1.36886892e-01,1.38309948e-01,1.42305646e-03,1.69138273e-05,4.29397836e-01,2.93960541e-01,0.00000000e+00
2.39000000e+05,4.90544661e-06,1.35818298e-01,1.37255506e-01,1.43720789e-03,1.69310791e-05,4.29910750e-01,2.95556402e-01,0.00000000e+00
2.40000000e+05,5.00009905e-06,1.34747090e-01,1.36198698e-01,1.45160731e-03,1.69482850e-05,4.30424595e-01,2.97156061e-01,0.00000000e+00
2.41000000e+05,5.09738891e-06,1.33673260e-01,1.35139521e-01,1.46626105e-03,1.69654420e-05,4.30939367e-01,2.98759528e-01,0.00000000e+00
2.42000000e+05,5.19741309e-06,1.32596798e-01,1.34077973e-01,1.48117568e-03,1.69825471e-05,4.31455059e-01,3.00366814e-01,0.00000000e+00
2.43000000e+05,5.30027296e-06,1.31517695e-01,1.33014052e-01,1.49635797e-03,1.69995968e-05,4.31971666e-01,3.01977929e-01,0.00000000e+00
2.44000000e+05,5.40607452e-06,1.30435942e-01,1.31947757e-01,1.51181493e-03,1.70165878e-05,4.32489181e-01,3.03592883e-01,0.00000000e+00
2.45000000e+05,5.51492878e-06,1.29351530e-01,1.30879084e-01,1.52755380e-03,1.70335164e-05,4.33007598e-01,3.05211686e-01,0.00000000e+00
2.46000000e+05,5.62695190e-06,1.28264451e-01,1.29808033e-01,1.54358209e-03,1.70503789e-05,4.33526911e-01,3.06834346e-01,0.00000000e+00
2.47000000e+05,5.74226562e-06,1.27174695e-01,1.28734602e-01,1.55990755e-03,1.70671713e-05,4.34047111e-01,3.08460876e-01,0.00000000e+00
2.48000000e+05,5.86099745e-06,1.26082253e-01,1.27658791e-01,1.57653822e-03,1.70838896e-05,4.34568191e-01,3.10091283e-01,0.00000000e+00
2.49000000e+05,5.98328111e-06,1.24987116e-01,1.26580598e-01,1.59348242e-03,1.71005294e-05,4.35090143e-01,3.11725577e-01,0.00000000e+00
2.50000000e+05,6.10925680e-06,1.23889275e-01,1.25500024e-01,1.61074876e-03,1.71170864e-05,4.35612958e-01,3.13363768e-01,0.00000000e+00
2.51000000e+05,6.23907165e-06,1.22788721e-01,1.24417067e-01,1.62834617e-03,1.71335557e-05,4.36136628e-01,3.15005865e-01,0.00000000e+00
2.52000000e+05,6.37288010e-06,1.21685445e-01,1.23331729e-01,1.64628391e-03,1.71499326e-05,4.36661142e-01,3.16651877e-01,0.00000000e+00
2.53000000e+05,6.51084432e-06,1.20579438e-01,1.22244009e-01,1.66457155e-03,1.71662119e-05,4.37186491e-01,3.18301813e-01,0.00000000e+00
2.54000000e+05,6.65313472e-06,1.19470690e-01,1.21153909e-01,1.68321904e-03,1.71823882e-05,4.37712664e-01,3.19955682e-01,0.00000000e+00
2.55000000e+05,6.79993040e-06,1.18359193e-01,1.20061430e-01,1.70223669e-03,1.71984559e-05,4.38239650e-01,3.21613492e-01,0.00000000e+00
2.56000000e+05,6.95141971e-06,1.17244938e-01,1.18966573e-01,1.72163520e-03,1.72144092e-05,4.38767437e-01,3.23275252e-01,0.00000000e+00
2.57000000e+05,7.10780084e-06,1.16127914e-01,1.17869340e-01,1.74142567e-03,1.72302419e-05,4.39296012e-01,3.24940969e-01,0.00000000e+00
2.58000000e+05,7.26928240e-06,1.15008115e-01,1.16769734e-01,1.76161962e-03,1.72459475e-05,4.39825363e-01,3.26610653e-01,0.00000000e+00
2.59000000e+05,7.43608412e-06,1.13885529e-01,1.15667758e-01,1.78222902e-03,1.72615193e-05,4.40355476e-01,3.28284310e-01,0.00000000e+00
2.60000000e+05,7.60843752e-06,1.12760148e-01,1.14563414e-01,1.80326630e-03,1.72769502e-05,4.40886337e-01,3.29961949e-01,0.00000000e+00
2.61000000e+05,7.78658671e-06,1.11631963e-01,1.13456707e-01,1.82474438e-03,1.72922328e-05,4.41417930e-01,3.31643577e-01,0.00000000e+00
2.62000000e+05,7.97078916e-06,1.10500965e-01,1.12347642e-01,1.84667668e-03,1.73073593e-05,4.41950239e-01,3.33329199e-01,0.00000000e+00
2.63000000e+05,8.16131665e-06,1.09367145e-01,1.11236222e-01,1.86907715e-03,1.73223216e-05,4.42483248e-01,3.35018825e-01,0.00000000e+00
2.64000000e+05,8.35845616e-06,1.08230493e-01,1.10122454e-01,1.89196031e-03,1.73371109e-05,4.43016938e-01,3.36712459e-01,0.00000000e+00
2.65000000e+05,8.56251093e-06,1.07091002e-01,1.09006343e-01,1.91534126e-03,1.73517184e-05,4.43551292e-01,3.38410108e-01,0.00000000e+00
2.66000000e+05,8.77380157e-06,1.05948661e-01,1.07887896e-01,1.93923571e-03,1.73661346e-05,4.44086289e-01,3.40111778e-01,0.00000000e+00
2.67000000e+05,8.99266722e-06,1.04803461e-01,1.06767121e-01,1.96366004e-03,1.73803494e-05,4.44621910e-01,3.41817475e-01,0.00000000e+00
2.68000000e+05,9.21946687e-06,1.03655395e-01,1.05644026e-01,1.98863127e-03,1.73943526e-05,4.45158132e-01,3.43527202e-01,0.00000000e+00
2.69000000e+05,9.45458076e-06,1.02504452e-01,1.04518619e-01,2.01416716e-03,1.74081330e-05,4.45694933e-01,3.45240966e-01,0.00000000e+00
2.70000000e+05,9.69841186e-06,1.01350624e-01,1.03390910e-01,2.04028620e-03,1.74216791e-05,4.46232289e-01,3.46958770e-01,0.00000000e+00
2.71000000e+05,9.95138754e-06,1.00193902e-01,1.02260910e-01,2.06700769e-03,1.74349787e-05,4.46770175e-01,3.48680618e-01,0.00000000e+00
2.72000000e+05,1.02139613e-05,9.90342780e-02,1.01128630e-01,2.09435172e-03,1.74480190e-05,4.47308564e-01,3.50406514e-01,0.00000000e+00
2.73000000e+05,1.04866148e-05,9.78717423e-02,9.99940816e-02,2.12233929e-03,1.74607865e-05,4.47847429e-01,3.52136460e-01,0.00000000e+00
2.74000000e+05,1.07698598e-05,9.67062866e-02,9.88572789e-02,2.15099229e-03,1.74732670e-05,4.48386740e-01,3.53870459e-01,0.00000000e+00
2.75000000e+05,1.10642406e-05,9.55379023e-02,9.77182358e-02,2.18033357e-03,1.74854455e-05,4.48926467e-01,3.55608512e-01,0.00000000e+00
2.76000000e+05,1.13703364e-05,9.43665808e-02,9.65769678e-02,2.21038702e-03,1.74973062e-05,4.49466576e-01,3.57350621e-01,0.00000000e+00
2.77000000e+05,1.16887639e-05,9.31923136e-02,9.54334912e-02,2.24117758e-03,1.75088325e-05,4.50007035e-01,3.59096785e-01,0.00000000e+00
2.78000000e+05,1.20201805e-05,9.20150926e-02,9.42878239e-02,2.27273132e-03,1.75200066e-05,4.50547806e-01,3.60847006e-01,0.00000000e+00
2.79000000e+05,1.23652875e-05,9.08349093e-02,9.31399848e-02,2.30507551e-03,1.75308101e-05,4.51088853e-01,3.62601281e-01,0.00000000e+00
2.80000000e+05,1.27248333e-05,8.96517556e-02,9.19899942e-02,2.33823865e-03,1.75412233e-05,4.51630136e-01,3.64359610e-01,0.00000000e+00
2.81000000e+05,1.30996175e-05,8.84656235e-02,9.08378741e-02,2.37225059e-03,1.75512255e-05,4.52171612e-01,3.66121989e-01,0.00000000e+00
2.82000000e+05,1.34904952e-05,8.72765051e-02,8.96836477e-02,2.40714257e-03,1.75607947e-05,4.52713237e-01,3.67888416e-01,0.00000000e+00
2.83000000e+05,1.38983811e-05,8.60843926e-02,8.85273399e-02,2.44294729e-03,1.75699079e-05,4.53254965e-01,3.69658887e-01,0.00000000e+00
2.84000000e+05,1.43242554e-05,8.48892785e-02,8.73689775e-02,2.47969903e-03,1.75785404e-05,4.53796747e-01,3.71433395e-01,0.00000000e+00
2.85000000e+05,1.47691686e-05,8.36911552e-02,8.62085889e-02,2.51743370e-03,1.75866663e-05,4.54338531e-01,3.73211935e-01,0.00000000e+00
2.86000000e+05,1.52342481e-05,8.24900154e-02,8.50462044e-02,2.55618898e-03,1.75942581e-05,4.54880263e-01,3.74994500e-01,0.00000000e+00
2.87000000e+05,1.57207045e-05,8.12858521e-02,8.38818565e-02,2.59600437e-03,1.76012868e-05,4.55421885e-01,3.76781080e-01,0.00000000e+00
2.88000000e+05,1.62298399e-05,8.00786585e-02,8.27155798e-02,2.63692134e-03,1.76077214e-05,4.55963336e-01,3.78571667e-01,0.00000000e+00
2.89000000e+05,1.67630550e-05,7.88684278e-02,8.15474112e-02,2.67898339e-03,1.76135291e-05,4.56504553e-01,3.80366248e-01,0.00000000e+00
2.90000000e+05,1.73218594e-05,7.76551538e-02,8.03773900e-02,2.72223627e-03,1.76186753e-05,4.57045467e-01,3.82164812e-01,0.00000000e+00
2.91000000e+05,1.79078806e-05,7.64388301e-02,7.92055581e-02,2.76672798e-03,1.76231231e-05,4.57586008e-01,3.83967345e-01,0.00000000e+00
2.92000000e+05,1.85228762e-05,7.52194512e-02,7.80319602e-02,2.81250904e-03,1.76268334e-05,4.58126100e-01,3.85773830e-01,0.00000000e+00
2.93000000e+05,1.91687458e-05,7.39970113e-02,7.68566438e-02,2.85963253e-03,1.76297645e-05,4.58665663e-01,3.87584251e-01,0.00000000e+00
2.94000000e+05,1.98475448e-05,7.27715054e-02,7.56796598e-02,2.90815433e-03,1.76318724e-05,4.59204613e-01,3.89398588e-01,0.00000000e+00
