t(s),cat,react1,react2,int1,int2,int3,prod,water
1.00000000e+03,8.75978449e-06,1.99584293e-01,2.07718632e-01,1.62686782e-02,9.38369984e-04,5.74632333e-01,8.48934079e-04,0.00000000e+00
2.00000000e+03,8.61373742e-07,1.99010298e-01,1.99807870e-01,1.59514316e-03,8.85031248e-05,5.97516198e-01,1.98112609e-03,0.00000000e+00
3.00000000e+03,2.82025378e-07,1.98435910e-01,1.98696292e-01,5.20763986e-04,2.87327365e-05,5.99189275e-01,3.12874309e-03,0.00000000e+00
4.00000000e+03,2.38940885e-07,1.97861485e-01,1.98081450e-01,4.39930646e-04,2.41977113e-05,5.99315189e-01,4.27750784e-03,0.00000000e+00
5.00000000e+03,2.36874916e-07,1.97287058e-01,1.97504489e-01,4.34860695e-04,2.38491767e-05,5.99323149e-01,5.42635713e-03,0.00000000e+00
6.00000000e+03,2.37987556e-07,1.96712633e-01,1.96930449e-01,4.35631209e-04,2.38219945e-05,5.99322017e-01,6.57520961e-03,0.00000000e+00
7.00000000e+03,2.39358630e-07,1.96138210e-01,1.96356641e-01,4.36861509e-04,2.38196645e-05,5.99320170e-01,7.72405897e-03,0.00000000e+00
8.00000000e+03,2.40761241e-07,1.95563788e-01,1.95782856e-01,4.38134548e-04,2.38192687e-05,5.99318257e-01,8.87290471e-03,0.00000000e+00
9.00000000e+03,2.42177756e-07,1.94989369e-01,1.95209078e-01,4.39417823e-04,2.38190230e-05,5.99316328e-01,1.00217468e-02,0.00000000e+00
1.00000000e+04,2.43606918e-07,1.94414951e-01,1.94635305e-01,4.40708840e-04,2.38187874e-05,5.99314387e-01,1.11705851e-02,0.00000000e+00
1.10000000e+04,2.45048764e-07,1.93840535e-01,1.94061539e-01,4.42007462e-04,2.38185510e-05,5.99312435e-01,1.23194197e-02,0.00000000e+00
1.20000000e+04,2.46503436e-07,1.93266121e-01,1.93487778e-01,4.43313740e-04,2.38183128e-05,5.99310472e-01,1.34682506e-02,0.00000000e+00
1.30000000e+04,2.47971084e-07,1.92691709e-01,1.92914023e-01,4.44627739e-04,2.38180727e-05,5.99308496e-01,1.46170777e-02,0.00000000e+00
1.40000000e+04,2.49451863e-07,1.92117299e-01,1.92340274e-01,4.45949528e-04,2.38178307e-05,5.99306509e-01,1.57659010e-02,0.00000000e+00
1.50000000e+04,2.50945932e-07,1.91542891e-01,1.91766530e-01,4.47279178e-04,2.38175868e-05,5.99304511e-01,1.69147204e-02,0.00000000e+00
1.60000000e+04,2.52453447e-07,1.90968484e-01,1.91192793e-01,4.48616756e-04,2.38173409e-05,5.99302500e-01,1.80635360e-02,0.00000000e+00
1.70000000e+04,2.53974572e-07,1.90394080e-01,1.90619061e-01,4.49962336e-04,2.38170931e-05,5.99300477e-01,1.92123478e-02,0.00000000e+00
1.80000000e+04,2.55509471e-07,1.89819678e-01,1.90045336e-01,4.51315988e-04,2.38168433e-05,5.99298443e-01,2.03611557e-02,0.00000000e+00
1.90000000e+04,2.57058310e-07,1.89245277e-01,1.89471616e-01,4.52677785e-04,2.38165914e-05,5.99296396e-01,2.15099596e-02,0.00000000e+00
2.00000000e+04,2.58621258e-07,1.88670879e-01,1.88897903e-01,4.54047801e-04,2.38163376e-05,5.99294336e-01,2.26587597e-02,0.00000000e+00
2.10000000e+04,2.60198487e-07,1.88096482e-01,1.88324195e-01,4.55426110e-04,2.38160817e-05,5.99292264e-01,2.38075557e-02,0.00000000e+00
2.20000000e+04,2.61790172e-07,1.87522088e-01,1.87750494e-01,4.56812787e-04,2.38158237e-05,5.99290180e-01,2.49563478e-02,0.00000000e+00
2.30000000e+04,2.63396488e-07,1.86947695e-01,1.87176799e-01,4.58207909e-04,2.38155636e-05,5.99288082e-01,2.61051359e-02,0.00000000e+00
2.40000000e+04,2.65017617e-07,1.86373305e-01,1.86603111e-01,4.59611552e-04,2.38153013e-05,5.99285972e-01,2.72539199e-02,0.00000000e+00
2.50000000e+04,2.66653741e-07,1.85798917e-01,1.86029429e-01,4.61023796e-04,2.38150369e-05,5.99283849e-01,2.84026999e-02,0.00000000e+00
2.60000000e+04,2.68305044e-07,1.85224530e-01,1.85455753e-01,4.62444718e-04,2.38147704e-05,5.99281713e-01,2.95514758e-02,0.00000000e+00
2.70000000e+04,2.69971715e-07,1.84650146e-01,1.84882083e-01,4.63874400e-04,2.38145016e-05,5.99279564e-01,3.07002476e-02,0.00000000e+00
2.80000000e+04,2.71653945e-07,1.84075764e-01,1.84308421e-01,4.65312921e-04,2.38142306e-05,5.99277401e-01,3.18490152e-02,0.00000000e+00
2.90000000e+04,2.73351928e-07,1.83501384e-01,1.83734764e-01,4.66760364e-04,2.38139574e-05,5.99275225e-01,3.29977787e-02,0.00000000e+00
3.00000000e+04,2.75065862e-07,1.82927006e-01,1.83161114e-01,4.68216813e-04,2.38136818e-05,5.99273036e-01,3.41465381e-02,0.00000000e+00
3.10000000e+04,2.76795945e-07,1.82352630e-01,1.82587471e-01,4.69682350e-04,2.38134040e-05,5.99270833e-01,3.52952932e-02,0.00000000e+00
3.20000000e+04,2.78542383e-07,1.81778257e-01,1.82013835e-01,4.71157061e-04,2.38131238e-05,5.99268616e-01,3.64440440e-02,0.00000000e+00
3.30000000e+04,2.80305380e-07,1.81203885e-01,1.81440206e-01,4.72641033e-04,2.38128413e-05,5.99266385e-01,3.75927906e-02,0.00000000e+00
3.40000000e+04,2.82085148e-07,1.80629516e-01,1.80866583e-01,4.74134352e-04,2.38125563e-05,5.99264140e-01,3.87415330e-02,0.00000000e+00
3.50000000e+04,2.83881898e-07,1.80055148e-01,1.80292967e-01,4.75637107e-04,2.38122690e-05,5.99261880e-01,3.98902709e-02,0.00000000e+00
3.60000000e+04,2.85695849e-07,1.79480783e-01,1.79719358e-01,4.77149388e-04,2.38119792e-05,5.99259607e-01,4.10390046e-02,0.00000000e+00
3.70000000e+04,2.87527219e-07,1.78906421e-01,1.79145756e-01,4.78671284e-04,2.38116869e-05,5.99257319e-01,4.21877339e-02,0.00000000e+00
3.80000000e+04,2.89376231e-07,1.78332060e-01,1.78572161e-01,4.80202888e-04,2.38113922e-05,5.99255016e-01,4.33364588e-02,0.00000000e+00
3.90000000e+04,2.91243115e-07,1.77757702e-01,1.77998574e-01,4.81744292e-04,2.38110948e-05,5.99252699e-01,4.44851792e-02,0.00000000e+00
4.00000000e+04,2.93128099e-07,1.77183346e-01,1.77424993e-01,4.83295591e-04,2.38107950e-05,5.99250366e-01,4.56338952e-02,0.00000000e+00
4.10000000e+04,2.95031418e-07,1.76608992e-01,1.76851420e-01,4.84856879e-04,2.38104925e-05,5.99248019e-01,4.67826067e-02,0.00000000e+00
4.20000000e+04,2.96953311e-07,1.76034640e-01,1.76277854e-01,4.86428254e-04,2.38101874e-05,5.99245657e-01,4.79313137e-02,0.00000000e+00
4.30000000e+04,2.98894020e-07,1.75460291e-01,1.75704296e-01,4.88009813e-04,2.38098796e-05,5.99243279e-01,4.90800162e-02,0.00000000e+00
4.40000000e+04,3.00853791e-07,1.74885944e-01,1.75130745e-01,4.89601655e-04,2.38095692e-05,5.99240885e-01,5.02287141e-02,0.00000000e+00
4.50000000e+04,3.02832874e-07,1.74311599e-01,1.74557201e-01,4.91203881e-04,2.38092560e-05,5.99238476e-01,5.13774073e-02,0.00000000e+00
4.60000000e+04,3.04831523e-07,1.73737257e-01,1.73983665e-01,4.92816591e-04,2.38089400e-05,5.99236052e-01,5.25260960e-02,0.00000000e+00
4.70000000e+04,3.06849997e-07,1.73162917e-01,1.73410137e-01,4.94439890e-04,2.38086213e-05,5.99233611e-01,5.36747800e-02,0.00000000e+00
4.80000000e+04,3.08888559e-07,1.72588579e-01,1.72836616e-01,4.96073880e-04,2.38082997e-05,5.99231154e-01,5.48234593e-02,0.00000000e+00
4.90000000e+04,3.10947475e-07,1.72014244e-01,1.72263103e-01,4.97718669e-04,2.38079753e-05,5.99228681e-01,5.59721338e-02,0.00000000e+00
5.00000000e+04,3.13027018e-07,1.71439911e-01,1.71689598e-01,4.99374362e-04,2.38076479e-05,5.99226192e-01,5.71208036e-02,0.00000000e+00
5.10000000e+04,3.15127463e-07,1.70865581e-01,1.71116101e-01,5.01041068e-04,2.38073176e-05,5.99223686e-01,5.82694687e-02,0.00000000e+00
5.20000000e+04,3.17249091e-07,1.70291253e-01,1.70542612e-01,5.02718898e-04,2.38069844e-05,5.99221163e-01,5.94181289e-02,0.00000000e+00
5.30000000e+04,3.19392187e-07,1.69716927e-01,1.69969131e-01,5.04407962e-04,2.38066481e-05,5.99218623e-01,6.05667842e-02,0.00000000e+00
5.40000000e+04,3.21557042e-07,1.69142604e-01,1.69395658e-01,5.06108374e-04,2.38063088e-05,5.99216066e-01,6.17154347e-02,0.00000000e+00
5.50000000e+04,3.23743951e-07,1.68568284e-01,1.68822194e-01,5.07820247e-04,2.38059664e-05,5.99213492e-01,6.28640802e-02,0.00000000e+00
5.60000000e+04,3.25953214e-07,1.67993966e-01,1.68248737e-01,5.09543698e-04,2.38056209e-05,5.99210901e-01,6.40127208e-02,0.00000000e+00
5.70000000e+04,3.28185137e-07,1.67419650e-01,1.67675289e-01,5.11278844e-04,2.38052722e-05,5.99208292e-01,6.51613564e-02,0.00000000e+00
5.80000000e+04,3.30440029e-07,1.66845337e-01,1.67101850e-01,5.13025804e-04,2.38049203e-05,5.99205665e-01,6.63099870e-02,0.00000000e+00
5.90000000e+04,3.32718207e-07,1.66271026e-01,1.66528419e-01,5.14784699e-04,2.38045652e-05,5.99203020e-01,6.74586126e-02,0.00000000e+00
6.00000000e+04,3.35019992e-07,1.65696719e-01,1.65954996e-01,5.16555650e-04,2.38042067e-05,5.99200357e-01,6.86072330e-02,0.00000000e+00
6.10000000e+04,3.37345711e-07,1.65122413e-01,1.65381583e-01,5.18338783e-04,2.38038450e-05,5.99197676e-01,6.97558483e-02,0.00000000e+00
6.20000000e+04,3.39695696e-07,1.64548110e-01,1.64808178e-01,5.20134222e-04,2.38034798e-05,5.99194976e-01,7.09044585e-02,0.00000000e+00
6.30000000e+04,3.42070286e-07,1.63973810e-01,1.64234781e-01,5.21942095e-04,2.38031113e-05,5.99192258e-01,7.20530635e-02,0.00000000e+00
6.40000000e+04,3.44469826e-07,1.63399513e-01,1.63661394e-01,5.23762532e-04,2.38027392e-05,5.99189520e-01,7.32016632e-02,0.00000000e+00
6.50000000e+04,3.46894664e-07,1.62825218e-01,1.63088016e-01,5.25595662e-04,2.38023637e-05,5.99186763e-01,7.43502577e-02,0.00000000e+00
6.60000000e+04,3.49345158e-07,1.62250926e-01,1.62514647e-01,5.27441620e-04,2.38019846e-05,5.99183988e-01,7.54988469e-02,0.00000000e+00
6.70000000e+04,3.51821670e-07,1.61676636e-01,1.61941287e-01,5.29300538e-04,2.38016019e-05,5.99181192e-01,7.66474307e-02,0.00000000e+00
6.80000000e+04,3.54324569e-07,1.61102350e-01,1.61367936e-01,5.31172555e-04,2.38012155e-05,5.99178377e-01,7.77960092e-02,0.00000000e+00
6.90000000e+04,3.56854232e-07,1.60528066e-01,1.60794595e-01,5.33057808e-04,2.38008255e-05,5.99175542e-01,7.89445822e-02,0.00000000e+00
7.00000000e+04,3.59411040e-07,1.59953784e-01,1.60221263e-01,5.34956438e-04,2.38004316e-05,5.99172687e-01,8.00931498e-02,0.00000000e+00
7.10000000e+04,3.61995383e-07,1.59379506e-01,1.59647940e-01,5.36868587e-04,2.38000340e-05,5.99169811e-01,8.12417119e-02,0.00000000e+00
7.20000000e+04,3.64607657e-07,1.58805230e-01,1.59074628e-01,5.38794399e-04,2.37996326e-05,5.99166915e-01,8.23902685e-02,0.00000000e+00
7.30000000e+04,3.67248266e-07,1.58230958e-01,1.58501325e-01,5.40734021e-04,2.37992272e-05,5.99163998e-01,8.35388195e-02,0.00000000e+00
7.40000000e+04,3.69917619e-07,1.57656687e-01,1.57928031e-01,5.42687601e-04,2.37988179e-05,5.99161060e-01,8.46873649e-02,0.00000000e+00
7.50000000e+04,3.72616135e-07,1.57082420e-01,1.57354748e-01,5.44655290e-04,2.37984045e-05,5.99158101e-01,8.58359046e-02,0.00000000e+00
7.60000000e+04,3.75344240e-07,1.56508156e-01,1.56781475e-01,5.46637241e-04,2.37979871e-05,5.99155120e-01,8.69844387e-02,0.00000000e+00
7.70000000e+04,3.78102368e-07,1.55933895e-01,1.56208211e-01,5.48633608e-04,2.37975656e-05,5.99152118e-01,8.81329670e-02,0.00000000e+00
7.80000000e+04,3.80890960e-07,1.55359636e-01,1.55634958e-01,5.50644550e-04,2.37971399e-05,5.99149093e-01,8.92814895e-02,0.00000000e+00
7.90000000e+04,3.83710465e-07,1.54785381e-01,1.55061716e-01,5.52670225e-04,2.37967100e-05,5.99146047e-01,9.04300062e-02,0.00000000e+00
8.00000000e+04,3.86561341e-07,1.54211128e-01,1.54488483e-01,5.54710796e-04,2.37962758e-05,5.99142978e-01,9.15785171e-02,0.00000000e+00
8.10000000e+04,3.89444055e-07,1.53636878e-01,1.53915262e-01,5.56766426e-04,2.37958372e-05,5.99139886e-01,9.27270220e-02,0.00000000e+00
8.20000000e+04,3.92359082e-07,1.53062632e-01,1.53342051e-01,5.58837282e-04,2.37953942e-05,5.99136772e-01,9.38755210e-02,0.00000000e+00
8.30000000e+04,3.95306907e-07,1.52488388e-01,1.52768850e-01,5.60923534e-04,2.37949467e-05,5.99133634e-01,9.50240140e-02,0.00000000e+00
8.40000000e+04,3.98288021e-07,1.51914148e-01,1.52195660e-01,5.63025353e-04,2.37944947e-05,5.99130473e-01,9.61725010e-02,0.00000000e+00
8.50000000e+04,4.01302928e-07,1.51339910e-01,1.51622482e-01,5.65142912e-04,2.37940380e-05,5.99127288e-01,9.73209819e-02,0.00000000e+00
8.60000000e+04,4.04352138e-07,1.50765676e-01,1.51049314e-01,5.67276390e-04,2.37935767e-05,5.99124079e-01,9.84694566e-02,0.00000000e+00
8.70000000e+04,4.07436175e-07,1.50191445e-01,1.50476158e-01,5.69425965e-04,2.37931107e-05,5.99120846e-01,9.96179252e-02,0.00000000e+00
8.80000000e+04,4.10555570e-07,1.49617217e-01,1.49903013e-01,5.71591820e-04,2.37926399e-05,5.99117588e-01,1.00766388e-01,0.00000000e+00
8.90000000e+04,4.13710863e-07,1.49042992e-01,1.49329879e-01,5.73774138e-04,2.37921642e-05,5.99114305e-01,1.01914844e-01,0.00000000e+00
9.00000000e+04,4.16902607e-07,1.48468770e-01,1.48756757e-01,5.75973109e-04,2.37916835e-05,5.99110998e-01,1.03063293e-01,0.00000000e+00
9.10000000e+04,4.20131366e-07,1.47894552e-01,1.48183646e-01,5.78188922e-04,2.37911978e-05,5.99107665e-01,1.04211737e-01,0.00000000e+00
9.20000000e+04,4.23397712e-07,1.47320336e-01,1.47610547e-01,5.80421771e-04,2.37907071e-05,5.99104306e-01,1.05360174e-01,0.00000000e+00
9.30000000e+04,4.26702230e-07,1.46746125e-01,1.47037460e-01,5.82671851e-04,2.37902111e-05,5.99100922e-01,1.06508604e-01,0.00000000e+00
9.40000000e+04,4.30045516e-07,1.46171916e-01,1.46464386e-01,5.84939364e-04,2.37897100e-05,5.99097511e-01,1.07657028e-01,0.00000000e+00
9.50000000e+04,4.33428179e-07,1.45597711e-01,1.45891323e-01,5.87224510e-04,2.37892035e-05,5.99094074e-01,1.08805446e-01,0.00000000e+00
9.60000000e+04,4.36850838e-07,1.45023509e-01,1.45318272e-01,5.89527496e-04,2.37886916e-05,5.99090609e-01,1.09953857e-01,0.00000000e+00
9.70000000e+04,4.40314124e-07,1.44449310e-01,1.44745234e-01,5.91848530e-04,2.37881743e-05,5.99087118e-01,1.11102261e-01,0.00000000e+00
9.80000000e+04,4.43818683e-07,1.43875115e-01,1.44172209e-01,5.94187824e-04,2.37876514e-05,5.99083599e-01,1.12250658e-01,0.00000000e+00
9.90000000e+04,4.47365172e-07,1.43300923e-01,1.43599196e-01,5.96545594e-04,2.37871228e-05,5.99080052e-01,1.13399049e-01,0.00000000e+00
1.00000000e+05,4.50954260e-07,1.42726735e-01,1.43026196e-01,5.98922059e-04,2.37865885e-05,5.99076477e-01,1.14547433e-01,0.00000000e+00
1.01000000e+05,4.54586633e-07,1.42152550e-01,1.42453208e-01,6.01317440e-04,2.37860485e-05,5.99072874e-01,1.15695810e-01,0.00000000e+00
1.02000000e+05,4.58262986e-07,1.41578368e-01,1.41880234e-01,6.03731963e-04,2.37855025e-05,5.99069242e-01,1.16844180e-01,0.00000000e+00
1.03000000e+05,4.61984034e-07,1.41004191e-01,1.41307273e-01,6.06165858e-04,2.37849505e-05,5.99065580e-01,1.17992543e-01,0.00000000e+00
1.04000000e+05,4.65750500e-07,1.40430016e-01,1.40734326e-01,6.08619357e-04,2.37843925e-05,5.99061889e-01,1.19140899e-01,0.00000000e+00
1.05000000e+05,4.69563126e-07,1.39855846e-01,1.40161392e-01,6.11092698e-04,2.37838283e-05,5.99058168e-01,1.20289248e-01,0.00000000e+00
1.06000000e+05,4.73422669e-07,1.39281679e-01,1.39588472e-01,6.13586120e-04,2.37832578e-05,5.99054417e-01,1.21437590e-01,0.00000000e+00
1.07000000e+05,4.77329899e-07,1.38707515e-01,1.39015565e-01,6.16099868e-04,2.37826810e-05,5.99050636e-01,1.22585924e-01,0.00000000e+00
1.08000000e+05,4.81285604e-07,1.38133356e-01,1.38442673e-01,6.18634191e-04,2.37820977e-05,5.99046823e-01,1.23734251e-01,0.00000000e+00
1.09000000e+05,4.85290588e-07,1.37559200e-01,1.37869794e-01,6.21189340e-04,2.37815078e-05,5.99042979e-01,1.24882571e-01,0.00000000e+00
1.10000000e+05,4.89345672e-07,1.36985047e-01,1.37296930e-01,6.23765572e-04,2.37809113e-05,5.99039103e-01,1.26030884e-01,0.00000000e+00
1.11000000e+05,4.93451692e-07,1.36410899e-01,1.36724081e-01,6.26363149e-04,2.37803080e-05,5.99035195e-01,1.27179189e-01,0.00000000e+00
1.12000000e+05,4.97609504e-07,1.35836754e-01,1.36151246e-01,6.28982334e-04,2.37796978e-05,5.99031254e-01,1.28327486e-01,0.00000000e+00
1.13000000e+05,5.01819981e-07,1.35262614e-01,1.35578425e-01,6.31623398e-04,2.37790807e-05,5.99027280e-01,1.29475776e-01,0.00000000e+00
1.14000000e+05,5.06084015e-07,1.34688477e-01,1.35005620e-01,6.34286615e-04,2.37784564e-05,5.99023273e-01,1.30624059e-01,0.00000000e+00
1.15000000e+05,5.10402515e-07,1.34114344e-01,1.34432830e-01,6.36972261e-04,2.37778250e-05,5.99019233e-01,1.31772333e-01,0.00000000e+00
1.16000000e+05,5.14776412e-07,1.33540215e-01,1.33860055e-01,6.39680622e-04,2.37771862e-05,5.99015158e-01,1.32920600e-01,0.00000000e+00
1.17000000e+05,5.19206656e-07,1.32966090e-01,1.33287296e-01,6.42411984e-04,2.37765400e-05,5.99011048e-01,1.34068859e-01,0.00000000e+00
1.18000000e+05,5.23694216e-07,1.32391969e-01,1.32714552e-01,6.45166640e-04,2.37758862e-05,5.99006903e-01,1.35217110e-01,0.00000000e+00
1.19000000e+05,5.28240083e-07,1.31817852e-01,1.32141824e-01,6.47944888e-04,2.37752247e-05,5.99002723e-01,1.36365353e-01,0.00000000e+00
1.20000000e+05,5.32845271e-07,1.31243739e-01,1.31569112e-01,6.50747031e-04,2.37745554e-05,5.98998506e-01,1.37513588e-01,0.00000000e+00
1.21000000e+05,5.37510813e-07,1.30669630e-01,1.30996417e-01,6.53573376e-04,2.37738782e-05,5.98994253e-01,1.38661815e-01,0.00000000e+00
1.22000000e+05,5.42237768e-07,1.30095525e-01,1.30423738e-01,6.56424237e-04,2.37731929e-05,5.98989964e-01,1.39810034e-01,0.00000000e+00
1.23000000e+05,5.47027214e-07,1.29521425e-01,1.29851075e-01,6.59299933e-04,2.37724994e-05,5.98985636e-01,1.40958244e-01,0.00000000e+00
1.24000000e+05,5.51880256e-07,1.28947329e-01,1.29278429e-01,6.62200787e-04,2.37717976e-05,5.98981271e-01,1.42106446e-01,0.00000000e+00
1.25000000e+05,5.56798024e-07,1.28373237e-01,1.28705800e-01,6.65127129e-04,2.37710873e-05,5.98976868e-01,1.43254640e-01,0.00000000e+00
1.26000000e+05,5.61781669e-07,1.27799149e-01,1.28133189e-01,6.68079295e-04,2.37703684e-05,5.98972425e-01,1.44402825e-01,0.00000000e+00
1.27000000e+05,5.66832374e-07,1.27225066e-01,1.27560595e-01,6.71057626e-04,2.37696407e-05,5.98967943e-01,1.45551002e-01,0.00000000e+00
1.28000000e+05,5.71951342e-07,1.26650987e-01,1.26988018e-01,6.74062470e-04,2.37689041e-05,5.98963422e-01,1.46699170e-01,0.00000000e+00
1.29000000e+05,5.77139807e-07,1.26076913e-01,1.26415460e-01,6.77094179e-04,2.37681584e-05,5.98958859e-01,1.47847329e-01,0.00000000e+00
1.30000000e+05,5.82399030e-07,1.25502843e-01,1.25842919e-01,6.80153114e-04,2.37674035e-05,5.98954256e-01,1.48995480e-01,0.00000000e+00
1.31000000e+05,5.87730302e-07,1.24928777e-01,1.25270397e-01,6.83239642e-04,2.37666393e-05,5.98949611e-01,1.50143621e-01,0.00000000e+00
1.32000000e+05,5.93134940e-07,1.24354716e-01,1.24697893e-01,6.86354134e-04,2.37658655e-05,5.98944924e-01,1.51291754e-01,0.00000000e+00
1.33000000e+05,5.98614295e-07,1.23780660e-01,1.24125408e-01,6.89496970e-04,2.37650820e-05,5.98940194e-01,1.52439878e-01,0.00000000e+00
1.34000000e+05,6.04169747e-07,1.23206608e-01,1.23552942e-01,6.92668537e-04,2.37642886e-05,5.98935420e-01,1.53587993e-01,0.00000000e+00
1.35000000e+05,6.09802708e-07,1.22632561e-01,1.22980495e-01,6.95869228e-04,2.37634852e-05,5.98930603e-01,1.54736098e-01,0.00000000e+00
1.36000000e+05,6.15514625e-07,1.22058518e-01,1.22408068e-01,6.99099443e-04,2.37626716e-05,5.98925742e-01,1.55884194e-01,0.00000000e+00
1.37000000e+05,6.21306975e-07,1.21484481e-01,1.21835661e-01,7.02359591e-04,2.37618475e-05,5.98920835e-01,1.57032281e-01,0.00000000e+00
1.38000000e+05,6.27181274e-07,1.20910448e-01,1.21263273e-01,7.05650086e-04,2.37610129e-05,5.98915882e-01,1.58180358e-01,0.00000000e+00
1.39000000e+05,6.33139069e-07,1.20336420e-01,1.20690906e-01,7.08971352e-04,2.37601675e-05,5.98910883e-01,1.59328426e-01,0.00000000e+00
1.40000000e+05,6.39181949e-07,1.19762397e-01,1.20118559e-01,7.12323820e-04,2.37593112e-05,5.98905837e-01,1.60476484e-01,0.00000000e+00
1.41000000e+05,6.45311536e-07,1.19188379e-01,1.19546233e-01,7.15707928e-04,2.37584437e-05,5.98900744e-01,1.61624533e-01,0.00000000e+00
1.42000000e+05,6.51529494e-07,1.18614366e-01,1.18973928e-01,7.19124124e-04,2.37575648e-05,5.98895602e-01,1.62772571e-01,0.00000000e+00
1.43000000e+05,6.57837526e-07,1.18040358e-01,1.18401644e-01,7.22572863e-04,2.37566744e-05,5.98890410e-01,1.63920600e-01,0.00000000e+00
1.44000000e+05,6.64237375e-07,1.17466355e-01,1.17829382e-01,7.26054609e-04,2.37557722e-05,5.98885170e-01,1.65068619e-01,0.00000000e+00
1.45000000e+05,6.70730828e-07,1.16892357e-01,1.17257142e-01,7.29569835e-04,2.37548580e-05,5.98879878e-01,1.66216627e-01,0.00000000e+00
1.46000000e+05,6.77319715e-07,1.16318364e-01,1.16684924e-01,7.33119024e-04,2.37539316e-05,5.98874536e-01,1.67364626e-01,0.00000000e+00
1.47000000e+05,6.84005910e-07,1.15744377e-01,1.16112728e-01,7.36702666e-04,2.37529928e-05,5.98869141e-01,1.68512614e-01,0.00000000e+00
1.48000000e+05,6.90791334e-07,1.15170395e-01,1.15540556e-01,7.40321262e-04,2.37520413e-05,5.98863694e-01,1.69660592e-01,0.00000000e+00
1.49000000e+05,6.97677956e-07,1.14596418e-01,1.14968406e-01,7.43975323e-04,2.37510768e-05,5.98858193e-01,1.70808559e-01,0.00000000e+00
1.50000000e+05,7.04667793e-07,1.14022447e-01,1.14396279e-01,7.47665368e-04,2.37500993e-05,5.98852638e-01,1.71956516e-01,0.00000000e+00
1.51000000e+05,7.11762913e-07,1.13448481e-01,1.13824177e-01,7.51391929e-04,2.37491084e-05,5.98847028e-01,1.73104462e-01,0.00000000e+00
1.52000000e+05,7.18965435e-07,1.12874521e-01,1.13252098e-01,7.55155545e-04,2.37481038e-05,5.98841362e-01,1.74252397e-01,0.00000000e+00
1.53000000e+05,7.26277531e-07,1.12300566e-01,1.12680044e-01,7.58956769e-04,2.37470853e-05,5.98835639e-01,1.75400321e-01,0.00000000e+00
1.54000000e+05,7.33701432e-07,1.11726617e-01,1.12108015e-01,7.62796162e-04,2.37460526e-05,5.98829859e-01,1.76548234e-01,0.00000000e+00
1.55000000e+05,7.41239421e-07,1.11152673e-01,1.11536010e-01,7.66674299e-04,2.37450055e-05,5.98824020e-01,1.77696136e-01,0.00000000e+00
1.56000000e+05,7.48893841e-07,1.10578735e-01,1.10964031e-01,7.70591764e-04,2.37439437e-05,5.98818122e-01,1.78844027e-01,0.00000000e+00
1.57000000e+05,7.56667098e-07,1.10004803e-01,1.10392078e-01,7.74549155e-04,2.37428669e-05,5.98812163e-01,1.79991907e-01,0.00000000e+00
1.58000000e+05,7.64561656e-07,1.09430877e-01,1.09820151e-01,7.78547079e-04,2.37417747e-05,5.98806144e-01,1.81139775e-01,0.00000000e+00
1.59000000e+05,7.72580046e-07,1.08856957e-01,1.09248250e-01,7.82586159e-04,2.37406670e-05,5.98800062e-01,1.82287631e-01,0.00000000e+00
1.60000000e+05,7.80724864e-07,1.08283043e-01,1.08676376e-01,7.86667028e-04,2.37395434e-05,5.98793918e-01,1.83435476e-01,0.00000000e+00
1.61000000e+05,7.88998775e-07,1.07709135e-01,1.08104530e-01,7.90790332e-04,2.37384036e-05,5.98787709e-01,1.84583309e-01,0.00000000e+00
1.62000000e+05,7.97404513e-07,1.07135233e-01,1.07532711e-01,7.94956733e-04,2.37372472e-05,5.98781435e-01,1.85731130e-01,0.00000000e+00
1.63000000e+05,8.05944887e-07,1.06561337e-01,1.06960920e-01,7.99166904e-04,2.37360739e-05,5.98775096e-01,1.86878938e-01,0.00000000e+00
1.64000000e+05,8.14622778e-07,1.05987447e-01,1.06389158e-01,8.03421533e-04,2.37348835e-05,5.98768689e-01,1.88026735e-01,0.00000000e+00
1.65000000e+05,8.23441147e-07,1.05413564e-01,1.05817424e-01,8.07721321e-04,2.37336754e-05,5.98762214e-01,1.89174519e-01,0.00000000e+00
1.66000000e+05,8.32403033e-07,1.04839687e-01,1.05245720e-01,8.12066986e-04,2.37324495e-05,5.98755670e-01,1.90322291e-01,0.00000000e+00
1.67000000e+05,8.41511557e-07,1.04265816e-01,1.04674046e-01,8.16459260e-04,2.37312053e-05,5.98749055e-01,1.91470050e-01,0.00000000e+00
1.68000000e+05,8.50769928e-07,1.03691953e-01,1.04102402e-01,8.20898891e-04,2.37299424e-05,5.98742369e-01,1.92617797e-01,0.00000000e+00
1.69000000e+05,8.60181441e-07,1.03118095e-01,1.03530789e-01,8.25386642e-04,2.37286605e-05,5.98735611e-01,1.93765530e-01,0.00000000e+00
1.70000000e+05,8.69749480e-07,1.02544245e-01,1.02959206e-01,8.29923293e-04,2.37273592e-05,5.98728778e-01,1.94913250e-01,0.00000000e+00
1.71000000e+05,8.79477527e-07,1.01970401e-01,1.02387655e-01,8.34509640e-04,2.37260380e-05,5.98721871e-01,1.96060958e-01,0.00000000e+00
1.72000000e+05,8.89369158e-07,1.01396563e-01,1.01816137e-01,8.39146498e-04,2.37246965e-05,5.98714887e-01,1.97208652e-01,0.00000000e+00
1.73000000e+05,8.99428049e-07,1.00822733e-01,1.01244651e-01,8.43834699e-04,2.37233344e-05,5.98707826e-01,1.98356332e-01,0.00000000e+00
1.74000000e+05,9.09657981e-07,1.00248910e-01,1.00673198e-01,8.48575091e-04,2.37219512e-05,5.98700686e-01,1.99503999e-01,0.00000000e+00
1.75000000e+05,9.20062842e-07,9.96750939e-02,1.00101778e-01,8.53368545e-04,2.37205464e-05,5.98693466e-01,2.00651652e-01,0.00000000e+00
1.76000000e+05,9.30646630e-07,9.91012848e-02,9.95303928e-02,8.58215947e-04,2.37191195e-05,5.98686165e-01,2.01799292e-01,0.00000000e+00
1.77000000e+05,9.41413459e-07,9.85274830e-02,9.89590421e-02,8.63118206e-04,2.37176702e-05,5.98678781e-01,2.02946917e-01,0.00000000e+00
1.78000000e+05,9.52367558e-07,9.79536885e-02,9.83877266e-02,8.68076248e-04,2.37161978e-05,5.98671312e-01,2.04094528e-01,0.00000000e+00
1.79000000e+05,9.63513283e-07,9.73799014e-02,9.78164469e-02,8.73091023e-04,2.37147020e-05,5.98663758e-01,2.05242124e-01,0.00000000e+00
1.80000000e+05,9.74855115e-07,9.68061217e-02,9.72452035e-02,8.78163500e-04,2.37131821e-05,5.98656117e-01,2.06389706e-01,0.00000000e+00
1.81000000e+05,9.86397664e-07,9.62323497e-02,9.66739970e-02,8.83294673e-04,2.37116377e-05,5.98648387e-01,2.07537273e-01,0.00000000e+00
1.82000000e+05,9.98145681e-07,9.56585852e-02,9.61028280e-02,8.88485555e-04,2.37100683e-05,5.98640567e-01,2.08684826e-01,0.00000000e+00
1.83000000e+05,1.01010405e-06,9.50848286e-02,9.55316972e-02,8.93737185e-04,2.37084731e-05,5.98632655e-01,2.09832363e-01,0.00000000e+00
1.84000000e+05,1.02227781e-06,9.45110797e-02,9.49606051e-02,8.99050624e-04,2.37068518e-05,5.98624650e-01,2.10979885e-01,0.00000000e+00
1.85000000e+05,1.03467215e-06,9.39373389e-02,9.43895523e-02,9.04426960e-04,2.37052037e-05,5.98616550e-01,2.12127392e-01,0.00000000e+00
1.86000000e+05,1.04729241e-06,9.33636060e-02,9.38185397e-02,9.09867305e-04,2.37035281e-05,5.98608354e-01,2.13274883e-01,0.00000000e+00
1.87000000e+05,1.06014409e-06,9.27898813e-02,9.32475677e-02,9.15372796e-04,2.37018245e-05,5.98600059e-01,2.14422358e-01,0.00000000e+00
1.88000000e+05,1.07323286e-06,9.22161648e-02,9.26766371e-02,9.20944599e-04,2.37000923e-05,5.98591663e-01,2.15569817e-01,0.00000000e+00
1.89000000e+05,1.08656458e-06,9.16424567e-02,9.21057486e-02,9.26583907e-04,2.36983307e-05,5.98583166e-01,2.16717260e-01,0.00000000e+00
1.90000000e+05,1.10014527e-06,9.10687570e-02,9.15349029e-02,9.32291940e-04,2.36965390e-05,5.98574565e-01,2.17864686e-01,0.00000000e+00
1.91000000e+05,1.11398114e-06,9.04950658e-02,9.09641008e-02,9.38069950e-04,2.36947167e-05,5.98565858e-01,2.19012096e-01,0.00000000e+00
1.92000000e+05,1.12807860e-06,8.99213833e-02,9.03933429e-02,9.43919217e-04,2.36928628e-05,5.98557044e-01,2.20159490e-01,0.00000000e+00
1.93000000e+05,1.14244428e-06,8.93477096e-02,8.98226301e-02,9.49841052e-04,2.36909769e-05,5.98548120e-01,2.21306866e-01,0.00000000e+00
1.94000000e+05,1.15708497e-06,8.87740447e-02,8.92519631e-02,9.55836800e-04,2.36890579e-05,5.98539084e-01,2.22454225e-01,0.00000000e+00
1.95000000e+05,1.17200773e-06,8.82003889e-02,8.86813428e-02,9.61907838e-04,2.36871052e-05,5.98529935e-01,2.23601566e-01,0.00000000e+00
1.96000000e+05,1.18721982e-06,8.76267422e-02,8.81107699e-02,9.68055576e-04,2.36851180e-05,5.98520670e-01,2.24748890e-01,0.00000000e+00
1.97000000e+05,1.20272874e-06,8.70531047e-02,8.75402454e-02,9.74281461e-04,2.36830953e-05,5.98511286e-01,2.25896196e-01,0.00000000e+00
1.98000000e+05,1.21854222e-06,8.64794765e-02,8.69697700e-02,9.80586974e-04,2.36810365e-05,5.98501783e-01,2.27043484e-01,0.00000000e+00
1.99000000e+05,1.23466827e-06,8.59058579e-02,8.63993447e-02,9.86973636e-04,2.36789405e-05,5.98492157e-01,2.28190754e-01,0.00000000e+00
2.00000000e+05,1.25111514e-06,8.53322488e-02,8.58289703e-02,9.93443004e-04,2.36768064e-05,5.98482405e-01,2.29338005e-01,0.00000000e+00
2.01000000e+05,1.26789136e-06,8.47586495e-02,8.52586478e-02,9.99996675e-04,2.36746333e-05,5.98472527e-01,2.30485237e-01,0.00000000e+00
2.02000000e+05,1.28500575e-06,8.41850600e-02,8.46883782e-02,1.00663629e-03,2.36724203e-05,5.98462518e-01,2.31632450e-01,0.00000000e+00
2.03000000e+05,1.30246742e-06,8.36114806e-02,8.41181623e-02,1.01336352e-03,2.36701663e-05,5.98452377e-01,2.32779644e-01,0.00000000e+00
2.04000000e+05,1.32028579e-06,8.30379113e-02,8.35480013e-02,1.02018011e-03,2.36678703e-05,5.98442101e-01,2.33926818e-01,0.00000000e+00
2.05000000e+05,1.33847060e-06,8.24643522e-02,8.29778961e-02,1.02708781e-03,2.36655312e-05,5.98431687e-01,2.35073972e-01,0.00000000e+00
2.06000000e+05,1.35703192e-06,8.18908036e-02,8.24078479e-02,1.03408844e-03,2.36631479e-05,5.98421133e-01,2.36221107e-01,0.00000000e+00
2.07000000e+05,1.37598017e-06,8.13172656e-02,8.18378575e-02,1.04118386e-03,2.36607194e-05,5.98410436e-01,2.37368221e-01,0.00000000e+00
2.08000000e+05,1.39532614e-06,8.07437383e-02,8.12679263e-02,1.04837600e-03,2.36582443e-05,5.98399592e-01,2.38515314e-01,0.00000000e+00
2.09000000e+05,1.41508098e-06,8.01702219e-02,8.06980553e-02,1.05566680e-03,2.36557215e-05,5.98388599e-01,2.39662386e-01,0.00000000e+00
2.10000000e+05,1.43525624e-06,7.95967165e-02,8.01282456e-02,1.06305830e-03,2.36531498e-05,5.98377454e-01,2.40809438e-01,0.00000000e+00
2.11000000e+05,1.45586389e-06,7.90232222e-02,7.95584985e-02,1.07055256e-03,2.36505278e-05,5.98366153e-01,2.41956467e-01,0.00000000e+00
2.12000000e+05,1.47691630e-06,7.84497394e-02,7.89888152e-02,1.07815171e-03,2.36478542e-05,5.98354694e-01,2.43103475e-01,0.00000000e+00
2.13000000e+05,1.49842631e-06,7.78762680e-02,7.84191970e-02,1.08585793e-03,2.36451277e-05,5.98343073e-01,2.44250461e-01,0.00000000e+00
2.14000000e+05,1.52040722e-06,7.73028084e-02,7.78496451e-02,1.09367348e-03,2.36423468e-05,5.98331286e-01,2.45397424e-01,0.00000000e+00
2.15000000e+05,1.54287280e-06,7.67293606e-02,7.72801609e-02,1.10160066e-03,2.36395100e-05,5.98319331e-01,2.46544365e-01,0.00000000e+00
2.16000000e+05,1.56583733e-06,7.61559248e-02,7.67107457e-02,1.10964185e-03,2.36366158e-05,5.98307203e-01,2.47691282e-01,0.00000000e+00
2.17000000e+05,1.58931564e-06,7.55825013e-02,7.61414010e-02,1.11779948e-03,2.36336626e-05,5.98294899e-01,2.48838176e-01,0.00000000e+00
2.18000000e+05,1.61332307e-06,7.50090901e-02,7.55721282e-02,1.12607607e-03,2.36306488e-05,5.98282415e-01,2.49985046e-01,0.00000000e+00
2.19000000e+05,1.63787557e-06,7.44356916e-02,7.50029287e-02,1.13447419e-03,2.36275727e-05,5.98269747e-01,2.51131893e-01,0.00000000e+00
2.20000000e+05,1.66298969e-06,7.38623059e-02,7.44338041e-02,1.14299651e-03,2.36244325e-05,5.98256892e-01,2.52278714e-01,0.00000000e+00
2.21000000e+05,1.68868259e-06,7.32889331e-02,7.38647560e-02,1.15164576e-03,2.36212265e-05,5.98243844e-01,2.53425511e-01,0.00000000e+00
2.22000000e+05,1.71497209e-06,7.27155736e-02,7.32957859e-02,1.16042474e-03,2.36179527e-05,5.98230600e-01,2.54572283e-01,0.00000000e+00
2.23000000e+05,1.74187672e-06,7.21422274e-02,7.27268956e-02,1.16933635e-03,2.36146093e-05,5.98217155e-01,2.55719029e-01,0.00000000e+00
2.24000000e+05,1.76941572e-06,7.15688949e-02,7.21580867e-02,1.17838357e-03,2.36111942e-05,5.98203505e-01,2.56865749e-01,0.00000000e+00
2.25000000e+05,1.79760906e-06,7.09955762e-02,7.15893609e-02,1.18756947e-03,2.36077052e-05,5.98189645e-01,2.58012443e-01,0.00000000e+00
2.26000000e+05,1.82647754e-06,7.04222716e-02,7.10207202e-02,1.19689720e-03,2.36041404e-05,5.98175571e-01,2.59159110e-01,0.00000000e+00
2.27000000e+05,1.85604275e-06,6.98489813e-02,7.04521663e-02,1.20637003e-03,2.36004973e-05,5.98161276e-01,2.60305750e-01,0.00000000e+00
2.28000000e+05,1.88632718e-06,6.92757055e-02,6.98837011e-02,1.21599130e-03,2.35967738e-05,5.98146757e-01,2.61452362e-01,0.00000000e+00
2.29000000e+05,1.91735421e-06,6.87024444e-02,6.93153266e-02,1.22576446e-03,2.35929673e-05,5.98132008e-01,2.62598946e-01,0.00000000e+00
2.30000000e+05,1.94914817e-06,6.81291984e-02,6.87470449e-02,1.23569309e-03,2.35890754e-05,5.98117024e-01,2.63745502e-01,0.00000000e+00
2.31000000e+05,1.98173439e-06,6.75559676e-02,6.81788581e-02,1.24578085e-03,2.35850955e-05,5.98101798e-01,2.64892028e-01,0.00000000e+00
2.32000000e+05,2.01513927e-06,6.69827524e-02,6.76107682e-02,1.25603153e-03,2.35810249e-05,5.98086326e-01,2.66038525e-01,0.00000000e+00
2.33000000e+05,2.04939029e-06,6.64095530e-02,6.70427775e-02,1.26644903e-03,2.35768609e-05,5.98070601e-01,2.67184993e-01,0.00000000e+00
2.34000000e+05,2.08451609e-06,6.58363696e-02,6.64748883e-02,1.27703739e-03,2.35726004e-05,5.98054618e-01,2.68331430e-01,0.00000000e+00
2.35000000e+05,2.12054652e-06,6.52632026e-02,6.59071030e-02,1.28780075e-03,2.35682405e-05,5.98038369e-01,2.69477836e-01,0.00000000e+00
2.36000000e+05,2.15751274e-06,6.46900522e-02,6.53394239e-02,1.29874341e-03,2.35637780e-05,5.98021849e-01,2.70624211e-01,0.00000000e+00
2.37000000e+05,2.19544720e-06,6.41169188e-02,6.47718537e-02,1.30986980e-03,2.35592098e-05,5.98005050e-01,2.71770553e-01,0.00000000e+00
2.38000000e+05,2.23438382e-06,6.35438026e-02,6.42043949e-02,1.32118448e-03,2.35545323e-05,5.97987966e-01,2.72916864e-01,0.00000000e+00
2.39000000e+05,2.27435795e-06,6.29707040e-02,6.36370501e-02,1.33269219e-03,2.35497422e-05,5.97970589e-01,2.74063141e-01,0.00000000e+00
2.40000000e+05,2.31540655e-06,6.23976232e-02,6.30698221e-02,1.34439780e-03,2.35448357e-05,5.97952912e-01,2.75209384e-01,0.00000000e+00
2.41000000e+05,2.35756822e-06,6.18245606e-02,6.25027138e-02,1.35630635e-03,2.35398089e-05,5.97934928e-01,2.76355594e-01,0.00000000e+00
2.42000000e+05,2.40088328e-06,6.12515166e-02,6.19357281e-02,1.36842305e-03,2.35346581e-05,5.97916628e-01,2.77501769e-01,0.00000000e+00
2.43000000e+05,2.44539390e-06,6.06784915e-02,6.13688681e-02,1.38075329e-03,2.35293789e-05,5.97898004e-01,2.78647908e-01,0.00000000e+00
2.44000000e+05,2.49114416e-06,6.01054856e-02,6.08021369e-02,1.39330263e-03,2.35239672e-05,5.97879049e-01,2.79794011e-01,0.00000000e+00
2.45000000e+05,2.53818021e-06,5.95324993e-02,6.02355377e-02,1.40607684e-03,2.35184184e-05,5.97859752e-01,2.80940078e-01,0.00000000e+00
2.46000000e+05,2.58655033e-06,5.89595330e-02,5.96690740e-02,1.41908188e-03,2.35127279e-05,5.97840105e-01,2.82086107e-01,0.00000000e+00
2.47000000e+05,2.63630507e-06,5.83865871e-02,5.91027491e-02,1.43232391e-03,2.35068908e-05,5.97820098e-01,2.83232098e-01,0.00000000e+00
2.48000000e+05,2.68749740e-06,5.78136620e-02,5.85365667e-02,1.44580932e-03,2.35009020e-05,5.97799723e-01,2.84378051e-01,0.00000000e+00
2.49000000e+05,2.74018282e-06,5.72407581e-02,5.79705305e-02,1.45954471e-03,2.34947562e-05,5.97778968e-01,2.85523964e-01,0.00000000e+00
2.50000000e+05,2.79441950e-06,5.66678759e-02,5.74046443e-02,1.47353693e-03,2.34884479e-05,5.97757823e-01,2.86669837e-01,0.00000000e+00
2.51000000e+05,2.85026849e-06,5.60950157e-02,5.68389122e-02,1.48779307e-03,2.34819714e-05,5.97736278e-01,2.87815669e-01,0.00000000e+00
2.52000000e+05,2.90779381e-06,5.55221780e-02,5.62733383e-02,1.50232048e-03,2.34753206e-05,5.97714321e-01,2.88961460e-01,0.00000000e+00
2.53000000e+05,2.96706269e-06,5.49493633e-02,5.57079267e-02,1.51712678e-03,2.34684893e-05,5.97691940e-01,2.90107207e-01,0.00000000e+00
2.54000000e+05,3.02814573e-06,5.43765721e-02,5.51426820e-02,1.53221985e-03,2.34614708e-05,5.97669124e-01,2.91252912e-01,0.00000000e+00
2.55000000e+05,3.09111712e-06,5.38038049e-02,5.45776088e-02,1.54760789e-03,2.34542584e-05,5.97645861e-01,2.92398572e-01,0.00000000e+00
2.56000000e+05,3.15605485e-06,5.32310621e-02,5.40127118e-02,1.56329940e-03,2.34468448e-05,5.97622136e-01,2.93544188e-01,0.00000000e+00
2.57000000e+05,3.22304095e-06,5.26583444e-02,5.34479960e-02,1.57930318e-03,2.34392225e-05,5.97597937e-01,2.94689757e-01,0.00000000e+00
2.58000000e+05,3.29216174e-06,5.20856522e-02,5.28834664e-02,1.59562840e-03,2.34313838e-05,5.97573250e-01,2.95835280e-01,0.00000000e+00
2.59000000e+05,3.36350810e-06,5.15129861e-02,5.23191284e-02,1.61228454e-03,2.34233203e-05,5.97548059e-01,2.96980755e-01,0.00000000e+00
2.60000000e+05,3.43717575e-06,5.09403468e-02,5.17549875e-02,1.62928149e-03,2.34150234e-05,5.97522351e-01,2.98126181e-01,0.00000000e+00
2.61000000e+05,3.51326558e-06,5.03677348e-02,5.11910495e-02,1.64662949e-03,2.34064843e-05,5.97496109e-01,2.99271557e-01,0.00000000e+00
2.62000000e+05,3.59188399e-06,4.97951507e-02,5.06273203e-02,1.66433919e-03,2.33976934e-05,5.97469318e-01,3.00416882e-01,0.00000000e+00
2.63000000e+05,3.67314321e-06,4.92225952e-02,5.00638060e-02,1.68242168e-03,2.33886408e-05,5.97441959e-01,3.01562156e-01,0.00000000e+00
2.64000000e+05,3.75716174e-06,4.86500690e-02,4.95005132e-02,1.70088847e-03,2.33793162e-05,5.97414016e-01,3.02707376e-01,0.00000000e+00
2.65000000e+05,3.84406473e-06,4.80775727e-02,4.89374485e-02,1.71975156e-03,2.33697087e-05,5.97385471e-01,3.03852543e-01,0.00000000e+00
2.66000000e+05,3.93398445e-06,4.75051071e-02,4.83746188e-02,1.73902341e-03,2.33598069e-05,5.97356303e-01,3.04997654e-01,0.00000000e+00
2.67000000e+05,4.02706079e-06,4.69326729e-02,4.78120314e-02,1.75871700e-03,2.33495988e-05,5.97326494e-01,3.06142708e-01,0.00000000e+00
2.68000000e+05,4.12344175e-06,4.63602709e-02,4.72496938e-02,1.77884585e-03,2.33390718e-05,5.97296022e-01,3.07287705e-01,0.00000000e+00
2.69000000e+05,4.22328405e-06,4.57879019e-02,4.66876139e-02,1.79942406e-03,2.33282127e-05,5.97264866e-01,3.08432643e-01,0.00000000e+00
2.70000000e+05,4.32675371e-06,4.52155667e-02,4.61257998e-02,1.82046628e-03,2.33170077e-05,5.97233003e-01,3.09577520e-01,0.00000000e+00
2.71000000e+05,4.43402675e-06,4.46432662e-02,4.55642601e-02,1.84198783e-03,2.33054420e-05,5.97200411e-01,3.10722336e-01,0.00000000e+00
2.72000000e+05,4.54528989e-06,4.40710013e-02,4.50030036e-02,1.86400465e-03,2.32935005e-05,5.97167064e-01,3.11867088e-01,0.00000000e+00
2.73000000e+05,4.66074136e-06,4.34987729e-02,4.44420396e-02,1.88653339e-03,2.32811669e-05,5.97132937e-01,3.13011776e-01,0.00000000e+00
2.74000000e+05,4.78059171e-06,4.29265821e-02,4.38813778e-02,1.90959141e-03,2.32684241e-05,5.97098003e-01,3.14156397e-01,0.00000000e+00
2.75000000e+05,4.90506480e-06,4.23544297e-02,4.33210281e-02,1.93319683e-03,2.32552544e-05,5.97062234e-01,3.15300951e-01,0.00000000e+00
2.76000000e+05,5.03439876e-06,4.17823169e-02,4.27610011e-02,1.95736860e-03,2.32416387e-05,5.97025602e-01,3.16445435e-01,0.00000000e+00
2.77000000e+05,5.16884709e-06,4.12102447e-02,4.22013079e-02,1.98212649e-03,2.32275573e-05,5.96988076e-01,3.17589848e-01,0.00000000e+00
2.78000000e+05,5.30867990e-06,4.06382143e-02,4.16419599e-02,2.00749116e-03,2.32129892e-05,5.96949624e-01,3.18734189e-01,0.00000000e+00
2.79000000e+05,5.45418517e-06,4.00662269e-02,4.10829690e-02,2.03348424e-03,2.31979121e-05,5.96910213e-01,3.19878455e-01,0.00000000e+00
2.80000000e+05,5.60567023e-06,3.94942837e-02,4.05243479e-02,2.06012833e-03,2.31823028e-05,5.96869808e-01,3.21022644e-01,0.00000000e+00
2.81000000e+05,5.76346327e-06,3.89223861e-02,3.99661096e-02,2.08744707e-03,2.31661366e-05,5.96828373e-01,3.22166755e-01,0.00000000e+00
2.82000000e+05,5.92791509e-06,3.83505353e-02,3.94082679e-02,2.11546523e-03,2.31493875e-05,5.96785869e-01,3.23310785e-01,0.00000000e+00
2.83000000e+05,6.09940097e-06,3.77787328e-02,3.88508372e-02,2.14420872e-03,2.31320278e-05,5.96742257e-01,3.24454733e-01,0.00000000e+00
2.84000000e+05,6.27832275e-06,3.72069802e-02,3.82938325e-02,2.17370472e-03,2.31140286e-05,5.96697494e-01,3.25598596e-01,0.00000000e+00
2.85000000e+05,6.46511104e-06,3.66352788e-02,3.77372697e-02,2.20398166e-03,2.30953590e-05,5.96651537e-01,3.26742373e-01,0.00000000e+00
2.86000000e+05,6.66022778e-06,3.60636305e-02,3.71811652e-02,2.23506940e-03,2.30759864e-05,5.96604339e-01,3.27886060e-01,0.00000000e+00
2.87000000e+05,6.86416896e-06,3.54920368e-02,3.66255364e-02,2.26699924e-03,2.30558763e-05,5.96555853e-01,3.29029655e-01,0.00000000e+00
2.88000000e+05,7.07746766e-06,3.49204995e-02,3.60704015e-02,2.29980402e-03,2.30349922e-05,5.96506027e-01,3.30173156e-01,0.00000000e+00
2.89000000e+05,7.30069737e-06,3.43490206e-02,3.55157797e-02,2.33351820e-03,2.30132954e-05,5.96454807e-01,3.31316560e-01,0.00000000e+00
2.90000000e+05,7.53447576e-06,3.37776021e-02,3.49616911e-02,2.36817800e-03,2.29907447e-05,5.96402139e-01,3.32459865e-01,0.00000000e+00
2.91000000e+05,7.77946873e-06,3.32062460e-02,3.44081567e-02,2.40382145e-03,2.29672966e-05,5.96347962e-01,3.33603067e-01,0.00000000e+00
2.92000000e+05,8.03639501e-06,3.26349544e-02,3.38551987e-02,2.44048854e-03,2.29429049e-05,5.96292215e-01,3.34746164e-01,0.00000000e+00
2.93000000e+05,8.30603121e-06,3.20637298e-02,3.33028405e-02,2.47822130e-03,2.29175205e-05,5.96234832e-01,3.35889152e-01,0.00000000e+00
2.94000000e+05,8.58921747e-06,3.14925746e-02,3.27511065e-02,2.51706396e-03,2.28910912e-05,5.96175745e-01,3.37032029e-01,0.00000000e+00
2.95000000e+05,8.88686375e-06,3.09214912e-02,3.22000228e-02,2.55706307e-03,2.28635616e-05,5.96114881e-01,3.38174791e-01,0.00000000e+00
