z(m),CH2CH2,CH3CH3,CH4,CHCH,H2,N2
1.000000e-06,1.638124e-05,6.998166e-02,4.374317e-09,7.130344e-07,1.780512e-05,9.299834e-01
1.450000e-06,2.202626e-05,6.997531e-02,6.452428e-09,9.787520e-07,2.398053e-05,9.299777e-01
1.900000e-06,2.714021e-05,6.996955e-02,8.624429e-09,1.228702e-06,2.959331e-05,9.299725e-01
2.350000e-06,3.185850e-05,6.996423e-02,1.089134e-08,1.467190e-06,3.478743e-05,9.299676e-01
2.800000e-06,3.626459e-05,6.995926e-02,1.325158e-08,1.696777e-06,3.965152e-05,9.299631e-01
3.250000e-06,4.041477e-05,6.995456e-02,1.570259e-08,1.919138e-06,4.424519e-05,9.299588e-01
3.700000e-06,4.434941e-05,6.995010e-02,1.824147e-08,2.135440e-06,4.861117e-05,9.299548e-01
4.150000e-06,4.809878e-05,6.994585e-02,2.086528e-08,2.346543e-06,5.278144e-05,9.299509e-01
4.600000e-06,5.168639e-05,6.994177e-02,2.357113e-08,2.553097e-06,5.678080e-05,9.299472e-01
5.050000e-06,5.513095e-05,6.993786e-02,2.635626e-08,2.755614e-06,6.062900e-05,9.299436e-01
5.500000e-06,5.844770e-05,6.993408e-02,2.921804e-08,2.954504e-06,6.434210e-05,9.299401e-01
5.950000e-06,6.164926e-05,6.993043e-02,3.215400e-08,3.150102e-06,6.793339e-05,9.299368e-01
6.400000e-06,6.474623e-05,6.992689e-02,3.516181e-08,3.342687e-06,7.141402e-05,9.299336e-01
6.850000e-06,6.774764e-05,6.992346e-02,3.823928e-08,3.532495e-06,7.479351e-05,9.299304e-01
7.300000e-06,7.066127e-05,6.992013e-02,4.138435e-08,3.719727e-06,7.808003e-05,9.299274e-01
7.750000e-06,7.349387e-05,6.991689e-02,4.459508e-08,3.904557e-06,8.128069e-05,9.299244e-01
8.200000e-06,7.625134e-05,6.991373e-02,4.786964e-08,4.087136e-06,8.440168e-05,9.299215e-01
8.650000e-06,7.893891e-05,6.991064e-02,5.120631e-08,4.267598e-06,8.744850e-05,9.299186e-01
9.100000e-06,8.156120e-05,6.990763e-02,5.460347e-08,4.446061e-06,9.042602e-05,9.299159e-01
9.550000e-06,8.412235e-05,6.990469e-02,5.805956e-08,4.622630e-06,9.333858e-05,9.299132e-01
1.000000e-05,8.662607e-05,6.990181e-02,6.157314e-08,4.797399e-06,9.619008e-05,9.299105e-01
1.450000e-05,1.091125e-04,6.987583e-02,9.959693e-08,6.461601e-06,1.219859e-04,9.298865e-01
1.900000e-05,1.282245e-04,6.985360e-02,1.421891e-07,8.006600e-06,1.441666e-04,9.298659e-01
2.350000e-05,1.450403e-04,6.983393e-02,1.886298e-07,9.461066e-06,1.638681e-04,9.298475e-01
2.800000e-05,1.601687e-04,6.981614e-02,2.384095e-07,1.084209e-05,1.817337e-04,9.298309e-01
3.250000e-05,1.739935e-04,6.979982e-02,2.911470e-07,1.216112e-05,1.981702e-04,9.298156e-01
3.700000e-05,1.867749e-04,6.978467e-02,3.465458e-07,1.342639e-05,2.134544e-04,9.298013e-01
4.150000e-05,1.986989e-04,6.977050e-02,4.043682e-07,1.464414e-05,2.277849e-04,9.297880e-01
4.600000e-05,2.099033e-04,6.975714e-02,4.644196e-07,1.581927e-05,2.413097e-04,9.297754e-01
5.050000e-05,2.204942e-04,6.974448e-02,5.265371e-07,1.695575e-05,2.541424e-04,9.297634e-01
5.500000e-05,2.305546e-04,6.973243e-02,5.905825e-07,1.805684e-05,2.663730e-04,9.297520e-01
5.950000e-05,2.401510e-04,6.972091e-02,6.564370e-07,1.912531e-05,2.780734e-04,9.297411e-01
6.400000e-05,2.493379e-04,6.970986e-02,7.239973e-07,2.016351e-05,2.893030e-04,9.297306e-01
6.850000e-05,2.581603e-04,6.969923e-02,7.931729e-07,2.117347e-05,3.001106e-04,9.297205e-01
7.300000e-05,2.666557e-04,6.968899e-02,8.638836e-07,2.215696e-05,3.105377e-04,9.297108e-01
7.750000e-05,2.748561e-04,6.967908e-02,9.360581e-07,2.311556e-05,3.206192e-04,9.297014e-01
8.200000e-05,2.827889e-04,6.966949e-02,1.009632e-06,2.405066e-05,3.303854e-04,9.296923e-01
8.650000e-05,2.904776e-04,6.966019e-02,1.084548e-06,2.496351e-05,3.398624e-04,9.296834e-01
9.100000e-05,2.979428e-04,6.965115e-02,1.160754e-06,2.585522e-05,3.490728e-04,9.296748e-01
9.550000e-05,3.052023e-04,6.964235e-02,1.238202e-06,2.672682e-05,3.580368e-04,9.296664e-01
1.000000e-04,3.122720e-04,6.963377e-02,1.316848e-06,2.757924e-05,3.667721e-04,9.296583e-01
1.450000e-04,3.750003e-04,6.955753e-02,2.161750e-06,3.520566e-05,4.443308e-04,9.295858e-01
1.900000e-04,4.280356e-04,6.949309e-02,3.096325e-06,4.154780e-05,5.095831e-04,9.295246e-01
2.350000e-04,4.751458e-04,6.943604e-02,4.105292e-06,4.692801e-05,5.669492e-04,9.294708e-01
2.800000e-04,5.182635e-04,6.938410e-02,5.179279e-06,5.154835e-05,6.187706e-04,9.294221e-01
3.250000e-04,5.585200e-04,6.933590e-02,6.312032e-06,5.554849e-05,6.664610e-04,9.293773e-01
3.700000e-04,5.966366e-04,6.929055e-02,7.499142e-06,5.903127e-05,7.109496e-04,9.293353e-01
4.150000e-04,6.331017e-04,6.924745e-02,8.737384e-06,6.207585e-05,7.528847e-04,9.292958e-01
4.600000e-04,6.682608e-04,6.920614e-02,1.002433e-05,6.474519e-05,7.927390e-04,9.292581e-01
5.050000e-04,7.023672e-04,6.916630e-02,1.135812e-05,6.709064e-05,8.308694e-04,9.292220e-01
5.500000e-04,7.356112e-04,6.912769e-02,1.273730e-05,6.915491e-05,8.675524e-04,9.291873e-01
5.950000e-04,7.681393e-04,6.909010e-02,1.416072e-05,7.097405e-05,9.030071e-04,9.291536e-01
6.400000e-04,8.000656e-04,6.905338e-02,1.562746e-05,7.257884e-05,9.374095e-04,9.291209e-01
6.850000e-04,8.314806e-04,6.901739e-02,1.713677e-05,7.399585e-05,9.709039e-04,9.290891e-01
7.300000e-04,8.624570e-04,6.898204e-02,1.868805e-05,7.524814e-05,1.003609e-03,9.290580e-01
7.750000e-04,8.930534e-04,6.894725e-02,2.028078e-05,7.635588e-05,1.035625e-03,9.290274e-01
8.200000e-04,9.233177e-04,6.891293e-02,2.191454e-05,7.733674e-05,1.067034e-03,9.289975e-01
8.650000e-04,9.532888e-04,6.887903e-02,2.358896e-05,7.820627e-05,1.097907e-03,9.289680e-01
9.100000e-04,9.829992e-04,6.884550e-02,2.530372e-05,7.897819e-05,1.128304e-03,9.289389e-01
9.550000e-04,1.012475e-03,6.881230e-02,2.705853e-05,7.966457e-05,1.158275e-03,9.289102e-01
1.000000e-03,1.041739e-03,6.877940e-02,2.885314e-05,8.027610e-05,1.187865e-03,9.288819e-01
1.000000e-03,1.041739e-03,6.877940e-02,2.885314e-05,8.027610e-05,1.187865e-03,9.288819e-01
