z(m),CH2CH3(S),CH3(S),H(S),CH2(S),CHCH3(S),CH2CH2(S),CH(S),CCH3(S),CHCH2(S),C(S),CCH2(S),CHCH(S),CCH(S),CC(S),CH4(S),PT(S)
1.000000e-06, 1.838660e-07, 3.399279e-10, 3.946182e-04, 5.103016e-08, 3.911849e-11, 3.148061e-09, 2.742284e-01, 4.210028e-03, 1.287853e-07, 5.886434e-01, 1.512531e-02, 5.958060e-05, 1.676084e-05, 3.986767e-06, 1.734132e-12, 1.173176e-01
1.450000e-06, 1.735339e-07, 3.425778e-10, 4.093414e-04, 5.956339e-08, 4.383487e-11, 3.714986e-09, 2.931304e-01, 4.367513e-03, 1.339844e-07, 5.761749e-01, 1.438172e-02, 7.195821e-05, 1.846134e-05, 4.021076e-06, 2.277297e-12, 1.114412e-01
1.900000e-06, 1.657440e-07, 3.481165e-10, 4.209635e-04, 6.707668e-08, 4.827071e-11, 4.204132e-09, 3.082528e-01, 4.525467e-03, 1.391534e-07, 5.657537e-01, 1.392458e-02, 8.306711e-05, 1.985101e-05, 4.037281e-06, 2.816087e-12, 1.070152e-01
2.350000e-06, 1.595001e-07, 3.549832e-10, 4.304703e-04, 7.384647e-08, 5.251083e-11, 4.636383e-09, 3.208726e-01, 4.681423e-03, 1.442304e-07, 5.568026e-01, 1.362707e-02, 9.324580e-05, 2.103416e-05, 4.044640e-06, 3.354915e-12, 1.034671e-01
2.800000e-06, 1.542957e-07, 3.624811e-10, 4.384422e-04, 8.004117e-08, 5.660456e-11, 5.024695e-09, 3.317039e-01, 4.834566e-03, 1.491983e-07, 5.489581e-01, 1.342822e-02, 1.027011e-04, 2.206908e-05, 4.047240e-06, 3.895916e-12, 1.005076e-01
3.250000e-06, 1.498386e-07, 3.702613e-10, 4.452516e-04, 8.577293e-08, 6.058334e-11, 5.377789e-09, 3.411892e-01, 4.984664e-03, 1.540548e-07, 5.419768e-01, 1.329473e-02, 1.115709e-04, 2.299188e-05, 4.047121e-06, 4.440183e-12, 9.797035e-02
3.700000e-06, 1.459449e-07, 3.781353e-10, 4.511520e-04, 9.112122e-08, 6.446861e-11, 5.701879e-09, 3.496231e-01, 5.131722e-03, 1.588035e-07, 5.356881e-01, 1.320672e-02, 1.199530e-04, 2.382657e-05, 4.045386e-06, 4.988276e-12, 9.575104e-02
4.150000e-06, 1.424914e-07, 3.859970e-10, 4.563241e-04, 9.614491e-08, 6.827567e-11, 6.001583e-09, 3.572118e-01, 5.275837e-03, 1.634497e-07, 5.299676e-01, 1.315157e-02, 1.279197e-04, 2.459000e-05, 4.042672e-06, 5.540463e-12, 9.377987e-02
4.600000e-06, 1.393913e-07, 3.937849e-10, 4.609010e-04, 1.008892e-07, 7.201588e-11, 6.280449e-09, 3.641061e-01, 5.417146e-03, 1.679994e-07, 5.247218e-01, 1.312083e-02, 1.355267e-04, 2.529443e-05, 4.039361e-06, 6.096844e-12, 9.200789e-02
5.050000e-06, 1.365814e-07, 4.014634e-10, 4.649838e-04, 1.053895e-07, 7.569797e-11, 6.541270e-09, 3.704193e-01, 5.555794e-03, 1.724585e-07, 5.198787e-01, 1.310866e-02, 1.428178e-04, 2.594914e-05, 4.035692e-06, 6.657423e-12, 9.039939e-02
5.500000e-06, 1.340138e-07, 4.090120e-10, 4.686507e-04, 1.096747e-07, 7.932876e-11, 6.786290e-09, 3.762389e-01, 5.691927e-03, 1.768325e-07, 5.153813e-01, 1.311087e-02, 1.498283e-04, 2.656128e-05, 4.031816e-06, 7.222142e-12, 8.892751e-02
5.950000e-06, 1.316518e-07, 4.164199e-10, 4.719634e-04, 1.137680e-07, 8.291372e-11, 7.017344e-09, 3.816340e-01, 5.825683e-03, 1.811266e-07, 5.111843e-01, 1.312436e-02, 1.565872e-04, 2.713653e-05, 4.027833e-06, 7.790909e-12, 8.757153e-02
6.400000e-06, 1.294664e-07, 4.236821e-10, 4.749716e-04, 1.176891e-07, 8.645731e-11, 7.235958e-09, 3.866601e-01, 5.957190e-03, 1.853454e-07, 5.072505e-01, 1.314683e-02, 1.631187e-04, 2.767946e-05, 4.023809e-06, 8.363613e-12, 8.631515e-02
6.850000e-06, 1.274343e-07, 4.307974e-10, 4.777159e-04, 1.214544e-07, 8.996325e-11, 7.443411e-09, 3.913626e-01, 6.086569e-03, 1.894932e-07, 5.035493e-01, 1.317652e-02, 1.694433e-04, 2.819379e-05, 4.019786e-06, 8.940132e-12, 8.514526e-02
7.300000e-06, 1.255365e-07, 4.377669e-10, 4.802294e-04, 1.250780e-07, 9.343463e-11, 7.640791e-09, 3.957787e-01, 6.213930e-03, 1.935740e-07, 5.000551e-01, 1.321204e-02, 1.755783e-04, 2.868263e-05, 4.015792e-06, 9.520337e-12, 8.405121e-02
7.750000e-06, 1.237574e-07, 4.445933e-10, 4.825399e-04, 1.285719e-07, 9.687410e-11, 7.829030e-09, 3.999399e-01, 6.339376e-03, 1.975913e-07, 4.967465e-01, 1.325232e-02, 1.815389e-04, 2.914859e-05, 4.011847e-06, 1.010410e-11, 8.302419e-02
8.200000e-06, 1.220837e-07, 4.512801e-10, 4.846709e-04, 1.319466e-07, 1.002839e-10, 8.008936e-09, 4.038726e-01, 6.463000e-03, 2.015484e-07, 4.936050e-01, 1.329650e-02, 1.873381e-04, 2.959387e-05, 4.007963e-06, 1.069130e-11, 8.205685e-02
8.650000e-06, 1.205046e-07, 4.578313e-10, 4.866421e-04, 1.352113e-07, 1.036661e-10, 8.181211e-09, 4.075993e-01, 6.584889e-03, 2.054483e-07, 4.906148e-01, 1.334388e-02, 1.929875e-04, 3.002035e-05, 4.004146e-06, 1.128180e-11, 8.114297e-02
9.100000e-06, 1.190105e-07, 4.642515e-10, 4.884703e-04, 1.383740e-07, 1.070223e-10, 8.346471e-09, 4.111395e-01, 6.705123e-03, 2.092937e-07, 4.877624e-01, 1.339389e-02, 1.984972e-04, 3.042968e-05, 4.000400e-06, 1.187550e-11, 8.027728e-02
9.550000e-06, 1.175934e-07, 4.705452e-10, 4.901703e-04, 1.414421e-07, 1.103540e-10, 8.505260e-09, 4.145098e-01, 6.823776e-03, 2.130871e-07, 4.850358e-01, 1.344607e-02, 2.038764e-04, 3.082327e-05, 3.996728e-06, 1.247227e-11, 7.945521e-02
1.000000e-05, 1.162463e-07, 4.767167e-10, 4.917546e-04, 1.444217e-07, 1.136627e-10, 8.658059e-09, 4.177250e-01, 6.940915e-03, 2.168309e-07, 4.824246e-01, 1.350005e-02, 2.091329e-04, 3.120237e-05, 3.993130e-06, 1.307200e-11, 7.867285e-02
1.450000e-05, 1.055800e-07, 5.326324e-10, 5.031102e-04, 1.703832e-07, 1.456922e-10, 9.933017e-09, 4.435663e-01, 8.041113e-03, 2.519438e-07, 4.610613e-01, 1.408811e-02, 2.562686e-04, 3.438755e-05, 3.960850e-06, 1.921137e-11, 7.244499e-02
1.900000e-05, 9.810656e-08, 5.803114e-10, 5.096792e-04, 1.914428e-07, 1.762330e-10, 1.089864e-08, 4.620789e-01, 9.039151e-03, 2.837397e-07, 4.453014e-01, 1.469016e-02, 2.962204e-04, 3.683646e-05, 3.933715e-06, 2.555768e-11, 6.804318e-02
2.350000e-05, 9.243744e-08, 6.220545e-10, 5.138305e-04, 2.093053e-07, 2.056504e-10, 1.167487e-08, 4.763537e-01, 9.960676e-03, 3.130654e-07, 4.328470e-01, 1.526897e-02, 3.312578e-04, 3.883098e-05, 3.909943e-06, 3.205963e-11, 6.468117e-02
2.800000e-05, 8.792002e-08, 6.593146e-10, 5.166056e-04, 2.248929e-07, 2.341544e-10, 1.232359e-08, 4.878789e-01, 1.082166e-02, 3.404436e-07, 4.225712e-01, 1.581656e-02, 3.626520e-04, 4.051367e-05, 3.888451e-06, 3.868409e-11, 6.198729e-02
3.250000e-05, 8.419676e-08, 6.930582e-10, 5.185349e-04, 2.387679e-07, 2.618825e-10, 1.288096e-08, 4.974836e-01, 1.163294e-02, 3.662264e-07, 4.138377e-01, 1.633272e-02, 3.912028e-04, 4.196758e-05, 3.868589e-06, 4.540859e-11, 5.975676e-02
3.700000e-05, 8.105133e-08, 7.239609e-10, 5.199162e-04, 2.513009e-07, 2.889329e-10, 1.336986e-08, 5.056756e-01, 1.240228e-02, 3.906657e-07, 4.062524e-01, 1.681947e-02, 4.174537e-04, 4.324576e-05, 3.849947e-06, 5.221724e-11, 5.786509e-02
4.150000e-05, 7.834339e-08, 7.525141e-10, 5.209285e-04, 2.627507e-07, 3.153795e-10, 1.380573e-08, 5.127881e-01, 1.313550e-02, 4.139498e-07, 3.995542e-01, 1.727937e-02, 4.417943e-04, 4.438428e-05, 3.832254e-06, 5.909842e-11, 5.623111e-02
4.600000e-05, 7.597698e-08, 7.790873e-10, 5.216853e-04, 2.733058e-07, 3.412803e-10, 1.419941e-08, 5.190508e-01, 1.383714e-02, 4.362244e-07, 3.935618e-01, 1.771493e-02, 4.645155e-04, 4.540894e-05, 3.815327e-06, 6.604339e-11, 5.479912e-02
5.050000e-05, 7.388379e-08, 8.039660e-10, 5.222617e-04, 2.831079e-07, 3.666822e-10, 1.455881e-08, 5.246287e-01, 1.451078e-02, 4.576053e-07, 3.881437e-01, 1.812846e-02, 4.858412e-04, 4.633882e-05, 3.799032e-06, 7.304543e-11, 5.352932e-02
5.500000e-05, 7.201359e-08, 8.273756e-10, 5.227088e-04, 2.922666e-07, 3.916242e-10, 1.488987e-08, 5.296438e-01, 1.515935e-02, 4.781865e-07, 3.832020e-01, 1.852201e-02, 5.059486e-04, 4.718851e-05, 3.783271e-06, 8.009929e-11, 5.239231e-02
5.950000e-05, 7.032839e-08, 8.494978e-10, 5.230624e-04, 3.008687e-07, 4.161391e-10, 1.519716e-08, 5.341893e-01, 1.578528e-02, 4.980456e-07, 3.786616e-01, 1.889736e-02, 5.249803e-04, 4.796940e-05, 3.767973e-06, 8.720080e-11, 5.136582e-02
6.400000e-05, 6.879887e-08, 8.704810e-10, 5.233481e-04, 3.089839e-07, 4.402550e-10, 1.548426e-08, 5.383372e-01, 1.639059e-02, 5.172480e-07, 3.744637e-01, 1.925610e-02, 5.430535e-04, 4.869056e-05, 3.753078e-06, 9.434658e-11, 5.043261e-02
6.850000e-05, 6.740195e-08, 8.904486e-10, 5.235847e-04, 3.166694e-07, 4.639964e-10, 1.575403e-08, 5.421449e-01, 1.697703e-02, 5.358490e-07, 3.705616e-01, 1.959962e-02, 5.602659e-04, 4.935939e-05, 3.738542e-06, 1.015339e-10, 4.957903e-02
7.300000e-05, 6.611912e-08, 9.095038e-10, 5.237858e-04, 3.239725e-07, 4.873847e-10, 1.600879e-08, 5.456582e-01, 1.754607e-02, 5.538962e-07, 3.669173e-01, 1.992912e-02, 5.766996e-04, 4.998193e-05, 3.724328e-06, 1.087605e-10, 4.879417e-02
7.750000e-05, 6.493540e-08, 9.277346e-10, 5.239619e-04, 3.309329e-07, 5.104389e-10, 1.625043e-08, 5.489149e-01, 1.809901e-02, 5.714311e-07, 3.634997e-01, 2.024570e-02, 5.924247e-04, 5.056325e-05, 3.710407e-06, 1.160245e-10, 4.806911e-02
8.200000e-05, 6.383844e-08, 9.452161e-10, 5.241208e-04, 3.375844e-07, 5.331761e-10, 1.648053e-08, 5.519458e-01, 1.863697e-02, 5.884896e-07, 3.602830e-01, 2.055029e-02, 6.075016e-04, 5.110762e-05, 3.696753e-06, 1.233243e-10, 4.739653e-02
8.650000e-05, 6.281799e-08, 9.620134e-10, 5.242685e-04, 3.439557e-07, 5.556115e-10, 1.670041e-08, 5.547769e-01, 1.916097e-02, 6.051039e-07, 3.572455e-01, 2.084374e-02, 6.219827e-04, 5.161866e-05, 3.683346e-06, 1.306587e-10, 4.677033e-02
9.100000e-05, 6.186546e-08, 9.781828e-10, 5.244096e-04, 3.500718e-07, 5.777589e-10, 1.691119e-08, 5.574300e-01, 1.967189e-02, 6.213022e-07, 3.543687e-01, 2.112682e-02, 6.359138e-04, 5.209948e-05, 3.670167e-06, 1.380265e-10, 4.618537e-02
9.550000e-05, 6.097354e-08, 9.937741e-10, 5.245476e-04, 3.559544e-07, 5.996309e-10, 1.711382e-08, 5.599237e-01, 2.017052e-02, 6.371098e-07, 3.516371e-01, 2.140021e-02, 6.493353e-04, 5.255278e-05, 3.657202e-06, 1.454269e-10, 4.563729e-02
1.000000e-04, 6.013602e-08, 1.008831e-09, 5.246852e-04, 3.616222e-07, 6.212389e-10, 1.730912e-08, 5.622739e-01, 2.065757e-02, 6.525494e-07, 3.490370e-01, 2.166452e-02, 6.622830e-04, 5.298092e-05, 3.644437e-06, 1.528589e-10, 4.512237e-02
1.450000e-04, 5.385533e-08, 1.136829e-09, 5.263410e-04, 4.094008e-07, 8.247839e-10, 1.897905e-08, 5.801981e-01, 2.500827e-02, 7.904345e-07, 3.282693e-01, 2.390892e-02, 7.713622e-04, 5.623477e-05, 3.525709e-06, 2.288120e-10, 4.125662e-02
1.900000e-04, 4.982159e-08, 1.237094e-09, 5.287768e-04, 4.465201e-07, 1.009990e-09, 2.034690e-08, 5.920637e-01, 2.865863e-02, 9.060906e-07, 3.134148e-01, 2.563721e-02, 8.546213e-04, 5.828839e-05, 3.419170e-06, 3.075702e-10, 3.877910e-02
2.350000e-04, 4.696555e-08, 1.320116e-09, 5.319635e-04, 4.772087e-07, 1.181080e-09, 2.156131e-08, 6.007117e-01, 3.182034e-02, 1.006248e-06, 3.018876e-01, 2.702558e-02, 9.211995e-04, 5.964396e-05, 3.321493e-06, 3.890752e-10, 3.703709e-02
2.800000e-04, 4.482038e-08, 1.391317e-09, 5.357728e-04, 5.035790e-07, 1.340772e-09, 2.268841e-08, 6.074046e-01, 3.461551e-02, 1.094784e-06, 2.924884e-01, 2.817154e-02, 9.759870e-04, 6.054672e-05, 3.230791e-06, 4.733586e-10, 3.574275e-02
3.250000e-04, 4.314394e-08, 1.453896e-09, 5.400902e-04, 5.268463e-07, 1.490983e-09, 2.376274e-08, 6.128044e-01, 3.712296e-02, 1.174202e-06, 2.845633e-01, 2.913549e-02, 1.021956e-03, 6.113529e-05, 3.145840e-06, 5.604823e-10, 3.474567e-02
3.700000e-04, 4.179599e-08, 1.509914e-09, 5.448257e-04, 5.477770e-07, 1.633147e-09, 2.480430e-08, 6.172971e-01, 3.939738e-02, 1.246235e-06, 2.777173e-01, 2.995774e-02, 1.061071e-03, 6.149571e-05, 3.065781e-06, 6.505168e-10, 3.395816e-02
4.150000e-04, 4.068863e-08, 1.560783e-09, 5.499089e-04, 5.668868e-07, 1.768384e-09, 2.582547e-08, 6.211249e-01, 4.147879e-02, 1.312153e-06, 2.716934e-01, 3.066672e-02, 1.094706e-03, 6.168515e-05, 2.989980e-06, 7.435337e-10, 3.332493e-02
4.600000e-04, 3.976349e-08, 1.607515e-09, 5.552843e-04, 5.845393e-07, 1.897594e-09, 2.683427e-08, 6.244486e-01, 4.339756e-02, 1.372918e-06, 2.663156e-01, 3.128333e-02, 1.123869e-03, 6.174348e-05, 2.917955e-06, 8.396012e-10, 3.280908e-02
5.050000e-04, 3.898000e-08, 1.650860e-09, 5.609068e-04, 6.010008e-07, 2.021520e-09, 2.783611e-08, 6.273794e-01, 4.517751e-02, 1.429286e-06, 2.614580e-01, 3.182344e-02, 1.149322e-03, 6.169965e-05, 2.849325e-06, 9.387825e-10, 3.238481e-02
5.500000e-04, 3.830889e-08, 1.691392e-09, 5.667387e-04, 6.164720e-07, 2.140786e-09, 2.883463e-08, 6.299970e-01, 4.683770e-02, 1.481861e-06, 2.570276e-01, 3.229941e-02, 1.171660e-03, 6.157533e-05, 2.783785e-06, 1.041135e-09, 3.203342e-02
5.950000e-04, 3.772844e-08, 1.729559e-09, 5.727484e-04, 6.311076e-07, 2.255923e-09, 2.983237e-08, 6.323600e-01, 4.839374e-02, 1.531137e-06, 2.529538e-01, 3.272108e-02, 1.191357e-03, 6.138715e-05, 2.721084e-06, 1.146708e-09, 3.174095e-02
6.400000e-04, 3.722209e-08, 1.765718e-09, 5.789082e-04, 6.450295e-07, 2.367386e-09, 3.083103e-08, 6.345126e-01, 4.985855e-02, 1.577524e-06, 2.491820e-01, 3.309641e-02, 1.208794e-03, 6.114814e-05, 2.661015e-06, 1.255545e-09, 3.149672e-02
6.850000e-04, 3.677699e-08, 1.800156e-09, 5.851939e-04, 6.583349e-07, 2.475575e-09, 3.183172e-08, 6.364886e-01, 5.124303e-02, 1.621367e-06, 2.456687e-01, 3.343195e-02, 1.224289e-03, 6.086869e-05, 2.603400e-06, 1.367682e-09, 3.129236e-02
7.300000e-04, 3.638295e-08, 1.833108e-09, 5.915837e-04, 6.711029e-07, 2.580838e-09, 3.283515e-08, 6.383145e-01, 5.255642e-02, 1.662958e-06, 2.423795e-01, 3.373315e-02, 1.238105e-03, 6.055720e-05, 2.548089e-06, 1.483147e-09, 3.112122e-02
7.750000e-04, 3.603179e-08, 1.864769e-09, 5.980581e-04, 6.833979e-07, 2.683481e-09, 3.384169e-08, 6.400113e-01, 5.380664e-02, 1.702549e-06, 2.392859e-01, 3.400458e-02, 1.250464e-03, 6.022052e-05, 2.494948e-06, 1.601960e-09, 3.097790e-02
8.200000e-04, 3.571685e-08, 1.895301e-09, 6.045994e-04, 6.952736e-07, 2.783776e-09, 3.485149e-08, 6.415957e-01, 5.500052e-02, 1.740356e-06, 2.363647e-01, 3.425011e-02, 1.261554e-03, 5.986429e-05, 2.443862e-06, 1.724136e-09, 3.085801e-02
8.650000e-04, 3.543265e-08, 1.924841e-09, 6.111911e-04, 7.067745e-07, 2.881963e-09, 3.586449e-08, 6.430814e-01, 5.614401e-02, 1.776567e-06, 2.335965e-01, 3.447304e-02, 1.271537e-03, 5.949323e-05, 2.394725e-06, 1.849682e-09, 3.075789e-02
9.100000e-04, 3.517466e-08, 1.953503e-09, 6.178186e-04, 7.179382e-07, 2.978256e-09, 3.688051e-08, 6.444794e-01, 5.724226e-02, 1.811345e-06, 2.309652e-01, 3.467620e-02, 1.280551e-03, 5.911122e-05, 2.347443e-06, 1.978597e-09, 3.067449e-02
9.550000e-04, 3.493907e-08, 1.981386e-09, 6.244683e-04, 7.287964e-07, 3.072845e-09, 3.789926e-08, 6.457992e-01, 5.829983e-02, 1.844836e-06, 2.284569e-01, 3.486202e-02, 1.288717e-03, 5.872155e-05, 2.301929e-06, 2.110876e-09, 3.060525e-02
1.000000e-03, 3.472269e-08, 2.008573e-09, 6.311277e-04, 7.393762e-07, 3.165899e-09, 3.892040e-08, 6.470483e-01, 5.932066e-02, 1.877163e-06, 2.260599e-01, 3.503262e-02, 1.296139e-03, 5.832695e-05, 2.258103e-06, 2.246508e-09, 3.054799e-02
1.000000e-03, 3.472269e-08, 2.008573e-09, 6.311277e-04, 7.393762e-07, 3.165899e-09, 3.892040e-08, 6.470483e-01, 5.932066e-02, 1.877163e-06, 2.260599e-01, 3.503262e-02, 1.296139e-03, 5.832695e-05, 2.258103e-06, 2.246508e-09, 3.054799e-02
