z(m^3),N2,NH3,H2
0.00000000e+00,0.00000000e+00,1.00000000e+00,0.00000000e+00
5.00000000e-09,3.54129246e-03,9.95694171e-01,7.64536903e-04
1.50000000e-08,6.58173784e-03,9.91997317e-01,1.42094490e-03
2.50000000e-08,9.29300107e-03,9.88700714e-01,2.00628509e-03
3.50000000e-08,1.17669980e-02,9.85692601e-01,2.54040136e-03
4.50000000e-08,1.40592699e-02,9.82905445e-01,3.03528465e-03
5.50000000e-08,1.62062440e-02,9.80294957e-01,3.49879931e-03
6.50000000e-08,1.82333060e-02,9.77830268e-01,3.93642589e-03
7.50000000e-08,2.01589916e-02,9.75488842e-01,4.35216610e-03
8.50000000e-08,2.19973419e-02,9.73253607e-01,4.74905132e-03
9.50000000e-08,2.37593136e-02,9.71111239e-01,5.12944702e-03
1.05000000e-07,2.54536666e-02,9.69051089e-01,5.49524437e-03
1.15000000e-07,2.70875471e-02,9.67064467e-01,5.84798617e-03
1.25000000e-07,2.86668846e-02,9.65144163e-01,6.18895259e-03
1.35000000e-07,3.01966708e-02,9.63284108e-01,6.51922127e-03
1.45000000e-07,3.16811601e-02,9.61479129e-01,6.83971074e-03
1.55000000e-07,3.31240179e-02,9.59724770e-01,7.15121226e-03
1.65000000e-07,3.45284313e-02,9.58017155e-01,7.45441395e-03
1.75000000e-07,3.58971948e-02,9.56352886e-01,7.74991912e-03
1.85000000e-07,3.72327764e-02,9.54728963e-01,8.03826057e-03
1.95000000e-07,3.85373698e-02,9.53142718e-01,8.31991191e-03
2.05000000e-07,3.98129363e-02,9.51591767e-01,8.59529658e-03
2.15000000e-07,4.10612385e-02,9.50073966e-01,8.86479511e-03
2.25000000e-07,4.22838679e-02,9.48587381e-01,9.12875109e-03
2.35000000e-07,4.34822678e-02,9.47130256e-01,9.38747610e-03
2.45000000e-07,4.46577518e-02,9.45700994e-01,9.64125377e-03
2.55000000e-07,4.58115203e-02,9.44298136e-01,9.89034322e-03
2.65000000e-07,4.69446734e-02,9.42920345e-01,1.01349820e-02
2.75000000e-07,4.80582224e-02,9.41566389e-01,1.03753884e-02
2.85000000e-07,4.91530999e-02,9.40235136e-01,1.06117637e-02
2.95000000e-07,5.02301677e-02,9.38925538e-01,1.08442941e-02
3.05000000e-07,5.12902244e-02,9.37636624e-01,1.10731519e-02
3.15000000e-07,5.23340118e-02,9.36367491e-01,1.12984973e-02
3.25000000e-07,5.33622201e-02,9.35117301e-01,1.15204793e-02
3.35000000e-07,5.43754929e-02,9.33885270e-01,1.17392368e-02
3.45000000e-07,5.53744316e-02,9.32670669e-01,1.19548998e-02
3.55000000e-07,5.63595990e-02,9.31472811e-01,1.21675896e-02
3.65000000e-07,5.73315227e-02,9.30291057e-01,1.23774202e-02
3.75000000e-07,5.82906982e-02,9.29124803e-01,1.25844986e-02
3.85000000e-07,5.92375914e-02,9.27973483e-01,1.27889253e-02
3.95000000e-07,6.01726409e-02,9.26836564e-01,1.29907950e-02
4.05000000e-07,6.10962607e-02,9.25713542e-01,1.31901972e-02
4.15000000e-07,6.20088412e-02,9.24603943e-01,1.33872161e-02
4.25000000e-07,6.29107519e-02,9.23507317e-01,1.35819314e-02
4.35000000e-07,6.38023424e-02,9.22423239e-01,1.37744187e-02
4.45000000e-07,6.46839438e-02,9.21351307e-01,1.39647495e-02
4.55000000e-07,6.55558705e-02,9.20291138e-01,1.41529915e-02
4.65000000e-07,6.64184210e-02,9.19242370e-01,1.43392093e-02
4.75000000e-07,6.72718787e-02,9.18204657e-01,1.45234641e-02
4.85000000e-07,6.81165136e-02,9.17177672e-01,1.47058140e-02
4.95000000e-07,6.89525829e-02,9.16161102e-01,1.48863147e-02
5.05000000e-07,6.97803313e-02,9.15154650e-01,1.50650191e-02
5.15000000e-07,7.05999928e-02,9.14158030e-01,1.52419775e-02
5.25000000e-07,7.14117905e-02,9.13170971e-01,1.54172381e-02
5.35000000e-07,7.22159375e-02,9.12193215e-01,1.55908471e-02
5.45000000e-07,7.30126380e-02,9.11224514e-01,1.57628484e-02
5.55000000e-07,7.38020869e-02,9.10264629e-01,1.59332841e-02
5.65000000e-07,7.45844713e-02,9.09313334e-01,1.61021947e-02
5.75000000e-07,7.53599703e-02,9.08370411e-01,1.62696188e-02
5.85000000e-07,7.61287557e-02,9.07435651e-01,1.64355934e-02
5.95000000e-07,7.68909924e-02,9.06508853e-01,1.66001543e-02
6.05000000e-07,7.76468386e-02,9.05589826e-01,1.67633355e-02
6.15000000e-07,7.83964464e-02,9.04678384e-01,1.69251698e-02
6.25000000e-07,7.91399622e-02,9.03774349e-01,1.70856890e-02
6.35000000e-07,7.98775266e-02,9.02877550e-01,1.72449233e-02
6.45000000e-07,8.06092751e-02,9.01987823e-01,1.74029020e-02
6.55000000e-07,8.13353379e-02,9.01105009e-01,1.75596532e-02
6.65000000e-07,8.20558409e-02,9.00228955e-01,1.77152040e-02
6.75000000e-07,8.27709051e-02,8.99359514e-01,1.78695807e-02
6.85000000e-07,8.34806474e-02,8.98496544e-01,1.80228084e-02
6.95000000e-07,8.41851805e-02,8.97639908e-01,1.81749115e-02
7.05000000e-07,8.48846133e-02,8.96789473e-01,1.83259135e-02
7.15000000e-07,8.55790510e-02,8.95945112e-01,1.84758371e-02
7.25000000e-07,8.62685952e-02,8.95106701e-01,1.86247042e-02
7.35000000e-07,8.69533441e-02,8.94274120e-01,1.87725361e-02
7.45000000e-07,8.76333928e-02,8.93447254e-01,1.89193532e-02
7.55000000e-07,8.83088332e-02,8.92625991e-01,1.90651754e-02
7.65000000e-07,8.89797544e-02,8.91810224e-01,1.92100219e-02
7.75000000e-07,8.96462424e-02,8.90999846e-01,1.93539114e-02
7.85000000e-07,9.03083809e-02,8.90194757e-01,1.94968618e-02
7.95000000e-07,9.09662508e-02,8.89394859e-01,1.96388907e-02
8.05000000e-07,9.16199304e-02,8.88600055e-01,1.97800150e-02
8.15000000e-07,9.22694960e-02,8.87810253e-01,1.99202510e-02
8.25000000e-07,9.29150213e-02,8.87025364e-01,2.00596148e-02
8.35000000e-07,9.35565781e-02,8.86245300e-01,2.01981218e-02
8.45000000e-07,9.41942358e-02,8.85469977e-01,2.03357870e-02
8.55000000e-07,9.48280620e-02,8.84699313e-01,2.04726251e-02
8.65000000e-07,9.54581224e-02,8.83933227e-01,2.06086501e-02
8.75000000e-07,9.60844808e-02,8.83171643e-01,2.07438759e-02
8.85000000e-07,9.67071992e-02,8.82414485e-01,2.08783159e-02
8.95000000e-07,9.73263379e-02,8.81661679e-01,2.10119830e-02
9.05000000e-07,9.79419555e-02,8.80913155e-01,2.11448899e-02
9.15000000e-07,9.85541091e-02,8.80168842e-01,2.12770490e-02
9.25000000e-07,9.91628543e-02,8.79428673e-01,2.14084723e-02
9.35000000e-07,9.97682452e-02,8.78692583e-01,2.15391714e-02
9.45000000e-07,1.00370334e-01,8.77960508e-01,2.16691577e-02
9.55000000e-07,1.00969173e-01,8.77232385e-01,2.17984422e-02
9.65000000e-07,1.01564812e-01,8.76508152e-01,2.19270358e-02
9.75000000e-07,1.02157298e-01,8.75787753e-01,2.20549490e-02
9.85000000e-07,1.02746681e-01,8.75071127e-01,2.21821920e-02
9.95000000e-07,1.03333006e-01,8.74358219e-01,2.23087749e-02
